Radius (km), Mean (m/s), NE (m/s), SE (m/s), SW (m/s), NW (m/s)
        0.0,       0.00,     0.00,     0.00,     0.00,     0.00
        1.0,       3.48,     3.39,     3.39,     3.56,     3.56
        2.0,       6.12,     6.07,     6.07,     6.19,     6.17
        3.0,       8.56,     8.54,     8.56,     8.60,     8.52
        4.0,      10.92,    10.96,    11.01,    10.97,    10.75
        5.0,      13.33,    13.43,    13.52,    13.41,    12.95
        6.0,      15.86,    16.04,    16.16,    15.99,    15.24
        7.0,      18.55,    18.85,    18.97,    18.72,    17.67
        8.0,      21.40,    21.85,    21.93,    21.55,    20.25
        9.0,      24.33,    24.98,    24.97,    24.41,    22.97
       10.0,      27.25,    28.11,    27.98,    27.18,    25.72
       11.0,      30.02,    31.11,    30.83,    29.73,    28.39
       12.0,      32.50,    33.82,    33.39,    31.96,    30.84
       13.0,      34.59,    36.11,    35.56,    33.76,    32.95
       14.0,      36.21,    37.87,    37.25,    35.11,    34.61
       15.0,      37.31,    39.07,    38.44,    35.98,    35.76
       16.0,      37.92,    39.70,    39.16,    36.41,    36.41
       17.0,      38.09,    39.84,    39.46,    36.49,    36.58
       18.0,      37.91,    39.57,    39.43,    36.30,    36.36
       19.0,      37.49,    39.02,    39.17,    35.93,    35.84
       20.0,      36.93,    38.31,    38.78,    35.47,    35.15
       21.0,      36.31,    37.54,    38.35,    34.98,    34.38
       22.0,      35.70,    36.77,    37.91,    34.50,    33.60
       23.0,      35.11,    36.04,    37.50,    34.05,    32.86
       24.0,      34.56,    35.35,    37.11,    33.61,    32.17
       25.0,      34.04,    34.71,    36.74,    33.18,    31.52
       26.0,      33.53,    34.08,    36.38,    32.76,    30.90
       27.0,      33.04,    33.48,    36.02,    32.35,    30.30
       28.0,      32.57,    32.90,    35.68,    31.95,    29.73
       29.0,      32.10,    32.35,    35.34,    31.56,    29.17
       30.0,      31.66,    31.81,    35.01,    31.17,    28.64
       31.0,      31.22,    31.28,    34.69,    30.79,    28.12
       32.0,      30.80,    30.78,    34.37,    30.42,    27.62
       33.0,      30.39,    30.29,    34.06,    30.06,    27.14
       34.0,      29.99,    29.82,    33.76,    29.71,    26.68
       35.0,      29.61,    29.37,    33.47,    29.36,    26.23
       36.0,      29.23,    28.93,    33.18,    29.02,    25.79
       37.0,      28.87,    28.51,    32.90,    28.69,    25.38
       38.0,      28.51,    28.10,    32.62,    28.36,    24.97
       39.0,      28.17,    27.70,    32.36,    28.04,    24.58
       40.0,      27.84,    27.32,    32.09,    27.73,    24.21
       41.0,      27.51,    26.94,    31.84,    27.42,    23.84
       42.0,      27.20,    26.59,    31.58,    27.12,    23.49
       43.0,      26.89,    26.24,    31.34,    26.83,    23.15
       44.0,      26.59,    25.90,    31.10,    26.54,    22.82
       45.0,      26.30,    25.58,    30.86,    26.26,    22.50
       46.0,      26.02,    25.27,    30.63,    25.98,    22.19
       47.0,      25.74,    24.96,    30.40,    25.71,    21.90
       48.0,      25.48,    24.67,    30.18,    25.45,    21.61
       49.0,      25.22,    24.38,    29.97,    25.19,    21.33
       50.0,      24.96,    24.11,    29.75,    24.93,    21.06
       51.0,      24.72,    23.84,    29.55,    24.68,    20.80
       52.0,      24.48,    23.58,    29.34,    24.44,    20.55
       53.0,      24.25,    23.33,    29.14,    24.20,    20.31
       54.0,      24.02,    23.09,    28.95,    23.96,    20.07
       55.0,      23.80,    22.86,    28.76,    23.73,    19.84
       56.0,      23.58,    22.63,    28.57,    23.51,    19.62
       57.0,      23.37,    22.41,    28.38,    23.29,    19.41
       58.0,      23.17,    22.19,    28.20,    23.07,    19.20
       59.0,      22.97,    21.98,    28.03,    22.86,    19.00
       60.0,      22.77,    21.78,    27.85,    22.65,    18.80
       61.0,      22.58,    21.59,    27.68,    22.45,    18.61
       62.0,      22.40,    21.40,    27.52,    22.25,    18.43
       63.0,      22.22,    21.21,    27.35,    22.06,    18.25
       64.0,      22.04,    21.03,    27.19,    21.86,    18.08
       65.0,      21.87,    20.86,    27.03,    21.68,    17.91
       66.0,      21.70,    20.69,    26.88,    21.49,    17.74
       67.0,      21.54,    20.53,    26.73,    21.31,    17.59
       68.0,      21.38,    20.37,    26.58,    21.14,    17.43
       69.0,      21.22,    20.21,    26.43,    20.96,    17.28
       70.0,      21.07,    20.06,    26.29,    20.79,    17.14
       71.0,      20.92,    19.92,    26.14,    20.63,    17.00
       72.0,      20.78,    19.77,    26.00,    20.46,    16.86
       73.0,      20.63,    19.64,    25.87,    20.30,    16.72
       74.0,      20.49,    19.50,    25.73,    20.15,    16.59
       75.0,      20.36,    19.37,    25.60,    19.99,    16.47
       76.0,      20.22,    19.24,    25.47,    19.84,    16.35
       77.0,      20.09,    19.12,    25.34,    19.69,    16.23
       78.0,      19.97,    19.00,    25.22,    19.55,    16.11
       79.0,      19.84,    18.88,    25.09,    19.41,    15.99
       80.0,      19.72,    18.76,    24.97,    19.27,    15.88
       81.0,      19.60,    18.65,    24.85,    19.13,    15.78
       82.0,      19.49,    18.54,    24.73,    19.00,    15.67
       83.0,      19.37,    18.43,    24.62,    18.87,    15.57
       84.0,      19.26,    18.33,    24.50,    18.74,    15.47
       85.0,      19.15,    18.22,    24.39,    18.61,    15.37
       86.0,      19.04,    18.12,    24.28,    18.49,    15.27
       87.0,      18.94,    18.03,    24.17,    18.37,    15.18
       88.0,      18.83,    17.93,    24.06,    18.25,    15.09
       89.0,      18.73,    17.84,    23.95,    18.13,    15.00
       90.0,      18.63,    17.75,    23.85,    18.02,    14.91
       91.0,      18.53,    17.66,    23.75,    17.90,    14.83
       92.0,      18.44,    17.57,    23.64,    17.79,    14.74
       93.0,      18.34,    17.49,    23.54,    17.68,    14.66
       94.0,      18.25,    17.40,    23.45,    17.58,    14.58
       95.0,      18.16,    17.32,    23.35,    17.47,    14.50
       96.0,      18.07,    17.24,    23.25,    17.37,    14.43
       97.0,      17.99,    17.16,    23.16,    17.27,    14.35
       98.0,      17.90,    17.08,    23.06,    17.17,    14.28
       99.0,      17.82,    17.01,    22.97,    17.08,    14.21
      100.0,      17.73,    16.93,    22.88,    16.98,    14.14
      101.0,      17.65,    16.86,    22.79,    16.89,    14.07
      102.0,      17.57,    16.79,    22.70,    16.80,    14.00
      103.0,      17.49,    16.72,    22.61,    16.71,    13.93
      104.0,      17.41,    16.65,    22.52,    16.62,    13.87
      105.0,      17.34,    16.58,    22.44,    16.53,    13.80
      106.0,      17.26,    16.52,    22.35,    16.45,    13.74
      107.0,      17.19,    16.45,    22.27,    16.36,    13.68
      108.0,      17.12,    16.39,    22.18,    16.28,    13.61
      109.0,      17.05,    16.32,    22.10,    16.20,    13.55
      110.0,      16.97,    16.26,    22.02,    16.12,    13.49
      111.0,      16.91,    16.20,    21.94,    16.05,    13.44
      112.0,      16.84,    16.14,    21.86,    15.97,    13.38
      113.0,      16.77,    16.08,    21.78,    15.89,    13.32
      114.0,      16.70,    16.02,    21.70,    15.82,    13.27
      115.0,      16.64,    15.96,    21.63,    15.75,    13.21
      116.0,      16.57,    15.91,    21.55,    15.68,    13.16
      117.0,      16.51,    15.85,    21.48,    15.61,    13.10
      118.0,      16.45,    15.80,    21.40,    15.54,    13.05
      119.0,      16.38,    15.74,    21.33,    15.47,    13.00
      120.0,      16.32,    15.69,    21.25,    15.41,    12.95
      121.0,      16.26,    15.63,    21.18,    15.34,    12.90
      122.0,      16.20,    15.58,    21.11,    15.28,    12.85
      123.0,      16.14,    15.53,    21.04,    15.21,    12.80
      124.0,      16.09,    15.48,    20.97,    15.15,    12.75
      125.0,      16.03,    15.43,    20.90,    15.09,    12.70
      126.0,      15.97,    15.38,    20.83,    15.03,    12.65
      127.0,      15.92,    15.33,    20.76,    14.97,    12.61
      128.0,      15.86,    15.28,    20.69,    14.92,    12.56
      129.0,      15.81,    15.23,    20.62,    14.86,    12.51
      130.0,      15.75,    15.18,    20.56,    14.80,    12.47
      131.0,      15.70,    15.13,    20.49,    14.75,    12.42
      132.0,      15.65,    15.09,    20.42,    14.70,    12.38
      133.0,      15.59,    15.04,    20.36,    14.64,    12.34
      134.0,      15.54,    15.00,    20.29,    14.59,    12.29
      135.0,      15.49,    14.95,    20.23,    14.54,    12.25
      136.0,      15.44,    14.90,    20.17,    14.49,    12.21
      137.0,      15.39,    14.86,    20.10,    14.44,    12.16
      138.0,      15.34,    14.82,    20.04,    14.39,    12.12
      139.0,      15.29,    14.77,    19.98,    14.34,    12.08
      140.0,      15.24,    14.73,    19.92,    14.29,    12.04
      141.0,      15.20,    14.69,    19.85,    14.25,    12.00
      142.0,      15.15,    14.64,    19.79,    14.20,    11.96
      143.0,      15.10,    14.60,    19.73,    14.16,    11.92
      144.0,      15.05,    14.56,    19.67,    14.11,    11.88
      145.0,      15.01,    14.52,    19.61,    14.07,    11.84
      146.0,      14.96,    14.48,    19.55,    14.02,    11.80
      147.0,      14.92,    14.43,    19.49,    13.98,    11.76
      148.0,      14.87,    14.39,    19.44,    13.94,    11.72
      149.0,      14.83,    14.35,    19.38,    13.90,    11.68
      150.0,      14.78,    14.31,    19.32,    13.86,    11.64
      151.0,      14.74,    14.27,    19.26,    13.82,    11.61
      152.0,      14.70,    14.23,    19.21,    13.78,    11.57
      153.0,      14.65,    14.19,    19.15,    13.74,    11.53
      154.0,      14.61,    14.15,    19.09,    13.70,    11.49
      155.0,      14.57,    14.12,    19.04,    13.66,    11.46
      156.0,      14.53,    14.08,    18.98,    13.63,    11.42
      157.0,      14.48,    14.04,    18.93,    13.59,    11.39
      158.0,      14.44,    14.00,    18.87,    13.55,    11.35
      159.0,      14.40,    13.96,    18.82,    13.52,    11.31
      160.0,      14.36,    13.92,    18.76,    13.48,    11.28
      161.0,      14.32,    13.89,    18.71,    13.45,    11.24
      162.0,      14.28,    13.85,    18.65,    13.41,    11.21
      163.0,      14.24,    13.81,    18.60,    13.38,    11.17
      164.0,      14.20,    13.78,    18.55,    13.35,    11.14
      165.0,      14.16,    13.74,    18.49,    13.31,    11.10
      166.0,      14.12,    13.70,    18.44,    13.28,    11.07
      167.0,      14.08,    13.67,    18.39,    13.25,    11.03
      168.0,      14.05,    13.63,    18.34,    13.22,    11.00
      169.0,      14.01,    13.59,    18.28,    13.19,    10.97
      170.0,      13.97,    13.56,    18.23,    13.16,    10.93
      171.0,      13.93,    13.52,    18.18,    13.13,    10.90
      172.0,      13.89,    13.49,    18.13,    13.10,    10.87
      173.0,      13.86,    13.45,    18.08,    13.07,    10.83
      174.0,      13.82,    13.42,    18.03,    13.04,    10.80
      175.0,      13.78,    13.38,    17.98,    13.01,    10.77
      176.0,      13.75,    13.35,    17.93,    12.98,    10.73
      177.0,      13.71,    13.31,    17.88,    12.95,    10.70
      178.0,      13.67,    13.28,    17.83,    12.92,    10.67
      179.0,      13.64,    13.24,    17.78,    12.90,    10.64
      180.0,      13.60,    13.21,    17.73,    12.87,    10.60
      181.0,      13.57,    13.18,    17.68,    12.84,    10.57
      182.0,      13.53,    13.14,    17.63,    12.82,    10.54
      183.0,      13.50,    13.11,    17.58,    12.79,    10.51
      184.0,      13.46,    13.07,    17.54,    12.76,    10.48
      185.0,      13.43,    13.04,    17.49,    12.74,    10.45
      186.0,      13.39,    13.01,    17.44,    12.71,    10.41
      187.0,      13.36,    12.97,    17.39,    12.69,    10.38
      188.0,      13.33,    12.94,    17.34,    12.66,    10.35
      189.0,      13.29,    12.91,    17.30,    12.64,    10.32
      190.0,      13.26,    12.87,    17.25,    12.61,    10.29
      191.0,      13.22,    12.84,    17.20,    12.59,    10.26
      192.0,      13.19,    12.81,    17.16,    12.57,    10.23
      193.0,      13.16,    12.78,    17.11,    12.54,    10.20
      194.0,      13.12,    12.74,    17.06,    12.52,    10.17
      195.0,      13.09,    12.71,    17.02,    12.50,    10.14
      196.0,      13.06,    12.68,    16.97,    12.47,    10.11
      197.0,      13.03,    12.65,    16.92,    12.45,    10.08
      198.0,      12.99,    12.62,    16.88,    12.43,    10.05
      199.0,      12.96,    12.58,    16.83,    12.41,    10.02
      200.0,      12.93,    12.55,    16.79,    12.39,     9.99
      201.0,      12.90,    12.52,    16.74,    12.36,     9.96
      202.0,      12.86,    12.49,    16.70,    12.34,     9.93
      203.0,      12.83,    12.46,    16.65,    12.32,     9.90
      204.0,      12.80,    12.43,    16.61,    12.30,     9.87
      205.0,      12.77,    12.39,    16.56,    12.28,     9.84
      206.0,      12.74,    12.36,    16.52,    12.26,     9.81
      207.0,      12.71,    12.33,    16.47,    12.24,     9.79
      208.0,      12.68,    12.30,    16.43,    12.22,     9.76
      209.0,      12.65,    12.27,    16.39,    12.20,     9.73
      210.0,      12.62,    12.24,    16.34,    12.18,     9.70
      211.0,      12.58,    12.21,    16.30,    12.16,     9.67
      212.0,      12.55,    12.18,    16.26,    12.14,     9.64
      213.0,      12.52,    12.15,    16.21,    12.12,     9.61
      214.0,      12.49,    12.12,    16.17,    12.10,     9.59
      215.0,      12.46,    12.09,    16.13,    12.08,     9.56
      216.0,      12.43,    12.06,    16.08,    12.06,     9.53
      217.0,      12.40,    12.03,    16.04,    12.04,     9.50
      218.0,      12.37,    12.00,    16.00,    12.02,     9.47
      219.0,      12.34,    11.97,    15.96,    12.01,     9.45
      220.0,      12.31,    11.94,    15.91,    11.99,     9.42
      221.0,      12.28,    11.91,    15.87,    11.97,     9.39
      222.0,      12.26,    11.88,    15.83,    11.95,     9.36
      223.0,      12.23,    11.85,    15.79,    11.93,     9.34
      224.0,      12.20,    11.82,    15.75,    11.92,     9.31
      225.0,      12.17,    11.79,    15.70,    11.90,     9.28
      226.0,      12.14,    11.76,    15.66,    11.88,     9.26
      227.0,      12.11,    11.73,    15.62,    11.86,     9.23
      228.0,      12.08,    11.70,    15.58,    11.85,     9.20
      229.0,      12.05,    11.67,    15.54,    11.83,     9.17
      230.0,      12.03,    11.64,    15.50,    11.81,     9.15
      231.0,      12.00,    11.61,    15.46,    11.79,     9.12
      232.0,      11.97,    11.59,    15.42,    11.78,     9.09
      233.0,      11.94,    11.56,    15.38,    11.76,     9.07
      234.0,      11.91,    11.53,    15.34,    11.74,     9.04
      235.0,      11.88,    11.50,    15.29,    11.73,     9.02
      236.0,      11.86,    11.47,    15.25,    11.71,     8.99
      237.0,      11.83,    11.44,    15.21,    11.69,     8.96
      238.0,      11.80,    11.41,    15.17,    11.68,     8.94
      239.0,      11.77,    11.39,    15.13,    11.66,     8.91
      240.0,      11.75,    11.36,    15.09,    11.65,     8.88
      241.0,      11.72,    11.33,    15.06,    11.63,     8.86
      242.0,      11.69,    11.30,    15.02,    11.61,     8.83
      243.0,      11.66,    11.27,    14.98,    11.60,     8.81
      244.0,      11.64,    11.25,    14.94,    11.58,     8.78
      245.0,      11.61,    11.22,    14.90,    11.57,     8.76
      246.0,      11.58,    11.19,    14.86,    11.55,     8.73
      247.0,      11.56,    11.16,    14.82,    11.54,     8.71
      248.0,      11.53,    11.13,    14.78,    11.52,     8.68
      249.0,      11.50,    11.11,    14.74,    11.51,     8.66
      250.0,      11.48,    11.08,    14.70,    11.49,     8.63
      251.0,      11.45,    11.05,    14.67,    11.48,     8.61
      252.0,      11.42,    11.02,    14.63,    11.46,     8.58
      253.0,      11.40,    11.00,    14.59,    11.45,     8.56
      254.0,      11.37,    10.97,    14.55,    11.43,     8.53
      255.0,      11.34,    10.94,    14.51,    11.42,     8.51
      256.0,      11.32,    10.92,    14.47,    11.40,     8.48
      257.0,      11.29,    10.89,    14.44,    11.39,     8.46
      258.0,      11.27,    10.86,    14.40,    11.37,     8.43
      259.0,      11.24,    10.83,    14.36,    11.36,     8.41
      260.0,      11.21,    10.81,    14.32,    11.34,     8.38
      261.0,      11.19,    10.78,    14.29,    11.33,     8.36
      262.0,      11.16,    10.75,    14.25,    11.32,     8.33
      263.0,      11.14,    10.73,    14.21,    11.30,     8.31
      264.0,      11.11,    10.70,    14.18,    11.29,     8.29
      265.0,      11.09,    10.68,    14.14,    11.27,     8.26
      266.0,      11.06,    10.65,    14.10,    11.26,     8.24
      267.0,      11.04,    10.62,    14.07,    11.25,     8.21
      268.0,      11.01,    10.60,    14.03,    11.23,     8.19
      269.0,      10.99,    10.57,    13.99,    11.22,     8.17
      270.0,      10.96,    10.54,    13.96,    11.20,     8.14
      271.0,      10.94,    10.52,    13.92,    11.19,     8.12
      272.0,      10.91,    10.49,    13.88,    11.18,     8.10
      273.0,      10.89,    10.47,    13.85,    11.16,     8.07
      274.0,      10.86,    10.44,    13.81,    11.15,     8.05
      275.0,      10.84,    10.41,    13.77,    11.14,     8.03
      276.0,      10.81,    10.39,    13.74,    11.12,     8.00
      277.0,      10.79,    10.36,    13.70,    11.11,     7.98
      278.0,      10.76,    10.34,    13.67,    11.10,     7.96
      279.0,      10.74,    10.31,    13.63,    11.08,     7.93
      280.0,      10.72,    10.29,    13.60,    11.07,     7.91
      281.0,      10.69,    10.26,    13.56,    11.06,     7.89
      282.0,      10.67,    10.24,    13.53,    11.04,     7.86
      283.0,      10.64,    10.21,    13.49,    11.03,     7.84
      284.0,      10.62,    10.18,    13.46,    11.02,     7.82
      285.0,      10.59,    10.16,    13.42,    11.00,     7.80
      286.0,      10.57,    10.13,    13.39,    10.99,     7.77
      287.0,      10.55,    10.11,    13.35,    10.98,     7.75
      288.0,      10.52,    10.08,    13.32,    10.96,     7.73
      289.0,      10.50,    10.06,    13.28,    10.95,     7.71
      290.0,      10.48,    10.03,    13.25,    10.94,     7.68
      291.0,      10.45,    10.01,    13.21,    10.93,     7.66
      292.0,      10.43,     9.99,    13.18,    10.91,     7.64
      293.0,      10.41,     9.96,    13.14,    10.90,     7.62
      294.0,      10.38,     9.94,    13.11,    10.89,     7.60
      295.0,      10.36,     9.91,    13.08,    10.88,     7.57
      296.0,      10.34,     9.89,    13.04,    10.86,     7.55
      297.0,      10.31,     9.86,    13.01,    10.85,     7.53
      298.0,      10.29,     9.84,    12.97,    10.84,     7.51
      299.0,      10.27,     9.81,    12.94,    10.82,     7.49
      300.0,      10.24,     9.79,    12.91,    10.81,     7.46
      301.0,      10.22,     9.77,    12.87,    10.80,     7.44
      302.0,      10.20,     9.74,    12.84,    10.79,     7.42
      303.0,      10.17,     9.72,    12.81,    10.78,     7.40
      304.0,      10.15,     9.69,    12.77,    10.76,     7.38
      305.0,      10.13,     9.67,    12.74,    10.75,     7.36
      306.0,      10.11,     9.65,    12.71,    10.74,     7.34
      307.0,      10.08,     9.62,    12.67,    10.73,     7.31
      308.0,      10.06,     9.60,    12.64,    10.71,     7.29
      309.0,      10.04,     9.57,    12.61,    10.70,     7.27
      310.0,      10.02,     9.55,    12.58,    10.69,     7.25
      311.0,       9.99,     9.53,    12.54,    10.68,     7.23
      312.0,       9.97,     9.50,    12.51,    10.67,     7.21
      313.0,       9.95,     9.48,    12.48,    10.65,     7.19
      314.0,       9.93,     9.46,    12.45,    10.64,     7.17
      315.0,       9.91,     9.43,    12.41,    10.63,     7.15
      316.0,       9.88,     9.41,    12.38,    10.62,     7.13
      317.0,       9.86,     9.39,    12.35,    10.61,     7.11
      318.0,       9.84,     9.36,    12.32,    10.59,     7.08
      319.0,       9.82,     9.34,    12.29,    10.58,     7.06
      320.0,       9.80,     9.32,    12.25,    10.57,     7.04
      321.0,       9.77,     9.29,    12.22,    10.56,     7.02
      322.0,       9.75,     9.27,    12.19,    10.55,     7.00
      323.0,       9.73,     9.25,    12.16,    10.53,     6.98
      324.0,       9.71,     9.23,    12.13,    10.52,     6.96
      325.0,       9.69,     9.20,    12.10,    10.51,     6.94
      326.0,       9.67,     9.18,    12.07,    10.50,     6.92
      327.0,       9.65,     9.16,    12.03,    10.49,     6.90
      328.0,       9.62,     9.14,    12.00,    10.48,     6.88
      329.0,       9.60,     9.11,    11.97,    10.46,     6.86
      330.0,       9.58,     9.09,    11.94,    10.45,     6.84
      331.0,       9.56,     9.07,    11.91,    10.44,     6.82
      332.0,       9.54,     9.05,    11.88,    10.43,     6.80
      333.0,       9.52,     9.02,    11.85,    10.42,     6.78
      334.0,       9.50,     9.00,    11.82,    10.41,     6.76
      335.0,       9.48,     8.98,    11.79,    10.40,     6.74
      336.0,       9.46,     8.96,    11.76,    10.38,     6.72
      337.0,       9.43,     8.93,    11.73,    10.37,     6.70
      338.0,       9.41,     8.91,    11.70,    10.36,     6.69
      339.0,       9.39,     8.89,    11.67,    10.35,     6.67
      340.0,       9.37,     8.87,    11.63,    10.34,     6.65
      341.0,       9.35,     8.85,    11.60,    10.33,     6.63
      342.0,       9.33,     8.83,    11.57,    10.32,     6.61
      343.0,       9.31,     8.80,    11.54,    10.30,     6.59
      344.0,       9.29,     8.78,    11.51,    10.29,     6.57
      345.0,       9.27,     8.76,    11.48,    10.28,     6.55
      346.0,       9.25,     8.74,    11.46,    10.27,     6.53
      347.0,       9.23,     8.72,    11.43,    10.26,     6.51
      348.0,       9.21,     8.70,    11.40,    10.25,     6.49
      349.0,       9.19,     8.67,    11.37,    10.24,     6.48
      350.0,       9.17,     8.65,    11.34,    10.23,     6.46
      351.0,       9.15,     8.63,    11.31,    10.21,     6.44
      352.0,       9.13,     8.61,    11.28,    10.20,     6.42
      353.0,       9.11,     8.59,    11.25,    10.19,     6.40
      354.0,       9.09,     8.57,    11.22,    10.18,     6.38
      355.0,       9.07,     8.55,    11.19,    10.17,     6.36
      356.0,       9.05,     8.53,    11.16,    10.16,     6.35
      357.0,       9.03,     8.50,    11.13,    10.15,     6.33
      358.0,       9.01,     8.48,    11.10,    10.14,     6.31
      359.0,       8.99,     8.46,    11.08,    10.13,     6.29
      360.0,       8.97,     8.44,    11.05,    10.11,     6.27
      361.0,       8.95,     8.42,    11.02,    10.10,     6.25
      362.0,       8.93,     8.40,    10.99,    10.09,     6.24
      363.0,       8.91,     8.38,    10.96,    10.08,     6.22
      364.0,       8.89,     8.36,    10.93,    10.07,     6.20
      365.0,       8.87,     8.34,    10.90,    10.06,     6.18
      366.0,       8.85,     8.32,    10.88,    10.05,     6.16
      367.0,       8.83,     8.30,    10.85,    10.04,     6.15
      368.0,       8.81,     8.28,    10.82,    10.03,     6.13
      369.0,       8.79,     8.26,    10.79,    10.02,     6.11
      370.0,       8.77,     8.24,    10.76,    10.01,     6.09
      371.0,       8.76,     8.22,    10.74,    10.00,     6.08
      372.0,       8.74,     8.19,    10.71,     9.98,     6.06
      373.0,       8.72,     8.17,    10.68,     9.97,     6.04
      374.0,       8.70,     8.15,    10.65,     9.96,     6.02
      375.0,       8.68,     8.13,    10.63,     9.95,     6.01
      376.0,       8.66,     8.11,    10.60,     9.94,     5.99
      377.0,       8.64,     8.09,    10.57,     9.93,     5.97
      378.0,       8.62,     8.07,    10.54,     9.92,     5.95
      379.0,       8.60,     8.05,    10.52,     9.91,     5.94
      380.0,       8.59,     8.03,    10.49,     9.90,     5.92
      381.0,       8.57,     8.01,    10.46,     9.89,     5.90
      382.0,       8.55,     7.99,    10.43,     9.88,     5.89
      383.0,       8.53,     7.98,    10.41,     9.87,     5.87
      384.0,       8.51,     7.96,    10.38,     9.86,     5.85
      385.0,       8.49,     7.94,    10.35,     9.85,     5.83
      386.0,       8.47,     7.92,    10.33,     9.83,     5.82
      387.0,       8.46,     7.90,    10.30,     9.82,     5.80
      388.0,       8.44,     7.88,    10.27,     9.81,     5.78
      389.0,       8.42,     7.86,    10.25,     9.80,     5.77
      390.0,       8.40,     7.84,    10.22,     9.79,     5.75
      391.0,       8.38,     7.82,    10.19,     9.78,     5.73
      392.0,       8.36,     7.80,    10.17,     9.77,     5.72
      393.0,       8.35,     7.78,    10.14,     9.76,     5.70
      394.0,       8.33,     7.76,    10.12,     9.75,     5.68
      395.0,       8.31,     7.74,    10.09,     9.74,     5.67
      396.0,       8.29,     7.72,    10.06,     9.73,     5.65
      397.0,       8.27,     7.70,    10.04,     9.72,     5.63
      398.0,       8.26,     7.69,    10.01,     9.71,     5.62
      399.0,       8.24,     7.67,     9.99,     9.70,     5.60
      400.0,       8.22,     7.65,     9.96,     9.69,     5.59
