Radius (km), Mean (m/s), NE (m/s), SE (m/s), SW (m/s), NW (m/s)
        0.0,       0.00,     0.00,     0.00,     0.00,     0.00
        1.0,       2.15,     2.15,     2.15,     2.15,     2.15
        2.0,       3.70,     3.70,     3.70,     3.70,     3.70
        3.0,       5.09,     5.09,     5.09,     5.09,     5.09
        4.0,       6.37,     6.37,     6.37,     6.37,     6.37
        5.0,       7.58,     7.58,     7.58,     7.58,     7.58
        6.0,       8.74,     8.74,     8.74,     8.74,     8.74
        7.0,       9.86,     9.86,     9.86,     9.86,     9.86
        8.0,      10.95,    10.95,    10.95,    10.95,    10.95
        9.0,      12.01,    12.01,    12.01,    12.01,    12.01
       10.0,      13.04,    13.04,    13.04,    13.04,    13.04
       11.0,      14.05,    14.05,    14.05,    14.05,    14.05
       12.0,      15.04,    15.04,    15.04,    15.04,    15.04
       13.0,      16.01,    16.01,    16.01,    16.01,    16.01
       14.0,      16.96,    16.96,    16.96,    16.96,    16.96
       15.0,      17.90,    17.90,    17.90,    17.90,    17.90
       16.0,      18.83,    18.83,    18.83,    18.83,    18.83
       17.0,      19.74,    19.74,    19.74,    19.74,    19.74
       18.0,      20.64,    20.64,    20.64,    20.64,    20.64
       19.0,      21.54,    21.54,    21.54,    21.54,    21.54
       20.0,      22.42,    22.42,    22.42,    22.42,    22.42
       21.0,      23.29,    23.29,    23.29,    23.29,    23.30
       22.0,      24.17,    24.15,    24.16,    24.16,    24.19
       23.0,      25.06,    25.02,    25.06,    25.04,    25.13
       24.0,      26.01,    25.93,    26.01,    25.96,    26.15
       25.0,      27.03,    26.89,    27.02,    26.95,    27.24
       26.0,      28.12,    27.94,    28.11,    28.01,    28.43
       27.0,      29.29,    29.08,    29.27,    29.15,    29.67
       28.0,      30.50,    30.28,    30.46,    30.34,    30.93
       29.0,      31.71,    31.51,    31.64,    31.53,    32.16
       30.0,      32.86,    32.71,    32.77,    32.68,    33.29
       31.0,      33.90,    33.81,    33.78,    33.73,    34.28
       32.0,      34.78,    34.76,    34.65,    34.63,    35.08
       33.0,      35.47,    35.52,    35.33,    35.35,    35.69
       34.0,      35.95,    36.04,    35.82,    35.86,    36.09
       35.0,      36.23,    36.33,    36.13,    36.17,    36.30
       36.0,      36.33,    36.40,    36.27,    36.31,    36.35
       37.0,      36.30,    36.30,    36.29,    36.30,    36.30
       38.0,      36.16,    36.07,    36.23,    36.18,    36.17
       39.0,      35.97,    35.75,    36.12,    36.01,    36.01
       40.0,      35.76,    35.40,    35.98,    35.82,    35.83
       41.0,      35.54,    35.05,    35.85,    35.62,    35.66
       42.0,      35.34,    34.71,    35.73,    35.43,    35.50
       43.0,      35.15,    34.39,    35.61,    35.26,    35.35
       44.0,      34.97,    34.09,    35.50,    35.10,    35.19
       45.0,      34.79,    33.81,    35.39,    34.94,    35.04
       46.0,      34.62,    33.53,    35.28,    34.79,    34.89
       47.0,      34.45,    33.25,    35.17,    34.64,    34.74
       48.0,      34.28,    32.98,    35.06,    34.49,    34.59
       49.0,      34.11,    32.72,    34.95,    34.34,    34.44
       50.0,      33.95,    32.46,    34.84,    34.20,    34.30
       51.0,      33.79,    32.21,    34.73,    34.05,    34.15
       52.0,      33.63,    31.96,    34.62,    33.91,    34.01
       53.0,      33.47,    31.72,    34.51,    33.78,    33.87
       54.0,      33.32,    31.49,    34.41,    33.64,    33.72
       55.0,      33.16,    31.26,    34.30,    33.51,    33.58
       56.0,      33.01,    31.03,    34.19,    33.38,    33.45
       57.0,      32.87,    30.81,    34.09,    33.25,    33.31
       58.0,      32.72,    30.60,    33.98,    33.12,    33.17
       59.0,      32.58,    30.38,    33.88,    33.00,    33.04
       60.0,      32.43,    30.18,    33.77,    32.88,    32.91
       61.0,      32.29,    29.97,    33.67,    32.76,    32.77
       62.0,      32.16,    29.77,    33.57,    32.64,    32.64
       63.0,      32.02,    29.58,    33.47,    32.52,    32.51
       64.0,      31.88,    29.39,    33.36,    32.40,    32.38
       65.0,      31.75,    29.20,    33.26,    32.29,    32.26
       66.0,      31.62,    29.02,    33.16,    32.17,    32.13
       67.0,      31.49,    28.84,    33.06,    32.06,    32.00
       68.0,      31.36,    28.66,    32.96,    31.95,    31.88
       69.0,      31.24,    28.49,    32.86,    31.84,    31.76
       70.0,      31.11,    28.32,    32.76,    31.73,    31.63
       71.0,      30.99,    28.15,    32.67,    31.63,    31.51
       72.0,      30.87,    27.99,    32.57,    31.52,    31.39
       73.0,      30.75,    27.83,    32.47,    31.42,    31.27
       74.0,      30.63,    27.67,    32.37,    31.31,    31.16
       75.0,      30.51,    27.51,    32.28,    31.21,    31.04
       76.0,      30.39,    27.36,    32.18,    31.11,    30.92
       77.0,      30.28,    27.21,    32.08,    31.01,    30.81
       78.0,      30.16,    27.06,    31.99,    30.91,    30.69
       79.0,      30.05,    26.92,    31.90,    30.81,    30.58
       80.0,      29.94,    26.78,    31.80,    30.71,    30.47
       81.0,      29.83,    26.64,    31.71,    30.62,    30.36
       82.0,      29.72,    26.50,    31.61,    30.52,    30.25
       83.0,      29.61,    26.36,    31.52,    30.43,    30.14
       84.0,      29.51,    26.23,    31.43,    30.33,    30.03
       85.0,      29.40,    26.10,    31.34,    30.24,    29.92
       86.0,      29.30,    25.97,    31.24,    30.15,    29.82
       87.0,      29.19,    25.85,    31.15,    30.05,    29.71
       88.0,      29.09,    25.72,    31.06,    29.96,    29.61
       89.0,      28.99,    25.60,    30.97,    29.87,    29.50
       90.0,      28.89,    25.48,    30.88,    29.78,    29.40
       91.0,      28.79,    25.36,    30.79,    29.69,    29.30
       92.0,      28.69,    25.24,    30.70,    29.61,    29.20
       93.0,      28.59,    25.12,    30.62,    29.52,    29.10
       94.0,      28.49,    25.01,    30.53,    29.43,    29.00
       95.0,      28.40,    24.90,    30.44,    29.34,    28.90
       96.0,      28.30,    24.79,    30.35,    29.26,    28.80
       97.0,      28.21,    24.68,    30.26,    29.17,    28.71
       98.0,      28.11,    24.57,    30.18,    29.09,    28.61
       99.0,      28.02,    24.46,    30.09,    29.00,    28.52
      100.0,      27.93,    24.36,    30.01,    28.92,    28.42
      101.0,      27.84,    24.26,    29.92,    28.84,    28.33
      102.0,      27.74,    24.15,    29.84,    28.75,    28.23
      103.0,      27.65,    24.05,    29.75,    28.67,    28.14
      104.0,      27.57,    23.95,    29.67,    28.59,    28.05
      105.0,      27.48,    23.86,    29.58,    28.51,    27.96
      106.0,      27.39,    23.76,    29.50,    28.43,    27.87
      107.0,      27.30,    23.66,    29.42,    28.35,    27.78
      108.0,      27.22,    23.57,    29.33,    28.27,    27.69
      109.0,      27.13,    23.48,    29.25,    28.19,    27.61
      110.0,      27.04,    23.38,    29.17,    28.11,    27.52
      111.0,      26.96,    23.29,    29.09,    28.03,    27.43
      112.0,      26.88,    23.20,    29.01,    27.95,    27.35
      113.0,      26.79,    23.11,    28.92,    27.87,    27.26
      114.0,      26.71,    23.02,    28.84,    27.80,    27.18
      115.0,      26.63,    22.94,    28.76,    27.72,    27.09
      116.0,      26.55,    22.85,    28.68,    27.64,    27.01
      117.0,      26.47,    22.77,    28.60,    27.56,    26.93
      118.0,      26.39,    22.68,    28.53,    27.49,    26.85
      119.0,      26.31,    22.60,    28.45,    27.41,    26.77
      120.0,      26.23,    22.51,    28.37,    27.34,    26.69
      121.0,      26.15,    22.43,    28.29,    27.26,    26.61
      122.0,      26.07,    22.35,    28.21,    27.19,    26.53
      123.0,      25.99,    22.27,    28.13,    27.11,    26.45
      124.0,      25.91,    22.19,    28.06,    27.04,    26.37
      125.0,      25.84,    22.11,    27.98,    26.96,    26.29
      126.0,      25.76,    22.03,    27.90,    26.89,    26.22
      127.0,      25.69,    21.96,    27.83,    26.82,    26.14
      128.0,      25.61,    21.88,    27.75,    26.74,    26.07
      129.0,      25.54,    21.80,    27.68,    26.67,    25.99
      130.0,      25.46,    21.73,    27.60,    26.60,    25.92
      131.0,      25.39,    21.65,    27.53,    26.53,    25.85
      132.0,      25.31,    21.58,    27.45,    26.45,    25.77
      133.0,      25.24,    21.51,    27.38,    26.38,    25.70
      134.0,      25.17,    21.43,    27.30,    26.31,    25.63
      135.0,      25.10,    21.36,    27.23,    26.24,    25.56
      136.0,      25.03,    21.29,    27.16,    26.17,    25.49
      137.0,      24.95,    21.22,    27.09,    26.10,    25.42
      138.0,      24.88,    21.15,    27.01,    26.03,    25.35
      139.0,      24.81,    21.08,    26.94,    25.96,    25.28
      140.0,      24.74,    21.01,    26.87,    25.89,    25.21
      141.0,      24.67,    20.94,    26.80,    25.82,    25.14
      142.0,      24.60,    20.87,    26.73,    25.75,    25.07
      143.0,      24.54,    20.80,    26.65,    25.68,    25.01
      144.0,      24.47,    20.74,    26.58,    25.61,    24.94
      145.0,      24.40,    20.67,    26.51,    25.54,    24.87
      146.0,      24.33,    20.60,    26.44,    25.47,    24.81
      147.0,      24.26,    20.54,    26.37,    25.40,    24.74
      148.0,      24.20,    20.47,    26.30,    25.33,    24.68
      149.0,      24.13,    20.41,    26.23,    25.27,    24.61
      150.0,      24.06,    20.34,    26.17,    25.20,    24.55
      151.0,      24.00,    20.28,    26.10,    25.13,    24.49
      152.0,      23.93,    20.21,    26.03,    25.06,    24.42
      153.0,      23.87,    20.15,    25.96,    25.00,    24.36
      154.0,      23.80,    20.09,    25.89,    24.93,    24.30
      155.0,      23.74,    20.02,    25.83,    24.86,    24.24
      156.0,      23.67,    19.96,    25.76,    24.80,    24.18
      157.0,      23.61,    19.90,    25.69,    24.73,    24.12
      158.0,      23.55,    19.84,    25.62,    24.67,    24.06
      159.0,      23.48,    19.78,    25.56,    24.60,    24.00
      160.0,      23.42,    19.72,    25.49,    24.53,    23.94
      161.0,      23.36,    19.66,    25.43,    24.47,    23.88
      162.0,      23.30,    19.60,    25.36,    24.40,    23.82
      163.0,      23.23,    19.54,    25.30,    24.34,    23.77
      164.0,      23.17,    19.48,    25.23,    24.27,    23.71
      165.0,      23.11,    19.42,    25.17,    24.21,    23.65
      166.0,      23.05,    19.36,    25.10,    24.14,    23.59
      167.0,      22.99,    19.30,    25.04,    24.08,    23.54
      168.0,      22.93,    19.24,    24.97,    24.02,    23.48
      169.0,      22.87,    19.18,    24.91,    23.95,    23.43
      170.0,      22.81,    19.13,    24.85,    23.89,    23.37
      171.0,      22.75,    19.07,    24.78,    23.83,    23.32
      172.0,      22.69,    19.01,    24.72,    23.76,    23.26
      173.0,      22.63,    18.96,    24.66,    23.70,    23.21
      174.0,      22.57,    18.90,    24.59,    23.64,    23.16
      175.0,      22.51,    18.84,    24.53,    23.57,    23.10
      176.0,      22.45,    18.79,    24.47,    23.51,    23.05
      177.0,      22.40,    18.73,    24.41,    23.45,    23.00
      178.0,      22.34,    18.68,    24.35,    23.39,    22.95
      179.0,      22.28,    18.62,    24.28,    23.32,    22.89
      180.0,      22.22,    18.57,    24.22,    23.26,    22.84
      181.0,      22.17,    18.51,    24.16,    23.20,    22.79
      182.0,      22.11,    18.46,    24.10,    23.14,    22.74
      183.0,      22.05,    18.40,    24.04,    23.08,    22.69
      184.0,      22.00,    18.35,    23.98,    23.02,    22.64
      185.0,      21.94,    18.30,    23.92,    22.96,    22.59
      186.0,      21.89,    18.24,    23.86,    22.89,    22.54
      187.0,      21.83,    18.19,    23.80,    22.83,    22.49
      188.0,      21.77,    18.14,    23.74,    22.77,    22.44
      189.0,      21.72,    18.08,    23.69,    22.71,    22.40
      190.0,      21.66,    18.03,    23.63,    22.65,    22.35
      191.0,      21.61,    17.98,    23.57,    22.59,    22.30
      192.0,      21.56,    17.93,    23.51,    22.53,    22.25
      193.0,      21.50,    17.88,    23.45,    22.47,    22.21
      194.0,      21.45,    17.82,    23.39,    22.41,    22.16
      195.0,      21.39,    17.77,    23.34,    22.35,    22.11
      196.0,      21.34,    17.72,    23.28,    22.30,    22.07
      197.0,      21.29,    17.67,    23.22,    22.24,    22.02
      198.0,      21.23,    17.62,    23.16,    22.18,    21.97
      199.0,      21.18,    17.57,    23.11,    22.12,    21.93
      200.0,      21.13,    17.52,    23.05,    22.06,    21.88
      201.0,      21.08,    17.47,    23.00,    22.00,    21.84
      202.0,      21.02,    17.42,    22.94,    21.94,    21.80
      203.0,      20.97,    17.37,    22.88,    21.89,    21.75
      204.0,      20.92,    17.32,    22.83,    21.83,    21.71
      205.0,      20.87,    17.27,    22.77,    21.77,    21.66
      206.0,      20.82,    17.22,    22.72,    21.71,    21.62
      207.0,      20.77,    17.17,    22.66,    21.66,    21.58
      208.0,      20.72,    17.12,    22.61,    21.60,    21.53
      209.0,      20.67,    17.07,    22.55,    21.54,    21.49
      210.0,      20.61,    17.03,    22.50,    21.48,    21.45
      211.0,      20.56,    16.98,    22.44,    21.43,    21.41
      212.0,      20.51,    16.93,    22.39,    21.37,    21.37
      213.0,      20.46,    16.88,    22.34,    21.31,    21.32
      214.0,      20.41,    16.83,    22.28,    21.26,    21.28
      215.0,      20.36,    16.79,    22.23,    21.20,    21.24
      216.0,      20.32,    16.74,    22.18,    21.15,    21.20
      217.0,      20.27,    16.69,    22.12,    21.09,    21.16
      218.0,      20.22,    16.64,    22.07,    21.03,    21.12
      219.0,      20.17,    16.60,    22.02,    20.98,    21.08
      220.0,      20.12,    16.55,    21.97,    20.92,    21.04
      221.0,      20.07,    16.50,    21.91,    20.87,    21.00
      222.0,      20.02,    16.46,    21.86,    20.81,    20.96
      223.0,      19.98,    16.41,    21.81,    20.76,    20.92
      224.0,      19.93,    16.36,    21.76,    20.70,    20.88
      225.0,      19.88,    16.32,    21.71,    20.65,    20.85
      226.0,      19.83,    16.27,    21.65,    20.59,    20.81
      227.0,      19.78,    16.23,    21.60,    20.54,    20.77
      228.0,      19.74,    16.18,    21.55,    20.48,    20.73
      229.0,      19.69,    16.14,    21.50,    20.43,    20.69
      230.0,      19.64,    16.09,    21.45,    20.38,    20.66
      231.0,      19.60,    16.04,    21.40,    20.32,    20.62
      232.0,      19.55,    16.00,    21.35,    20.27,    20.58
      233.0,      19.50,    15.95,    21.30,    20.22,    20.55
      234.0,      19.46,    15.91,    21.25,    20.16,    20.51
      235.0,      19.41,    15.87,    21.20,    20.11,    20.47
      236.0,      19.37,    15.82,    21.15,    20.06,    20.44
      237.0,      19.32,    15.78,    21.10,    20.00,    20.40
      238.0,      19.27,    15.73,    21.05,    19.95,    20.36
      239.0,      19.23,    15.69,    21.00,    19.90,    20.33
      240.0,      19.18,    15.64,    20.96,    19.84,    20.29
      241.0,      19.14,    15.60,    20.91,    19.79,    20.26
      242.0,      19.09,    15.56,    20.86,    19.74,    20.22
      243.0,      19.05,    15.51,    20.81,    19.69,    20.19
      244.0,      19.01,    15.47,    20.76,    19.64,    20.15
      245.0,      18.96,    15.43,    20.71,    19.58,    20.12
      246.0,      18.92,    15.38,    20.67,    19.53,    20.08
      247.0,      18.87,    15.34,    20.62,    19.48,    20.05
      248.0,      18.83,    15.30,    20.57,    19.43,    20.02
      249.0,      18.78,    15.26,    20.52,    19.38,    19.98
      250.0,      18.74,    15.21,    20.48,    19.33,    19.95
      251.0,      18.70,    15.17,    20.43,    19.28,    19.92
      252.0,      18.65,    15.13,    20.38,    19.23,    19.88
      253.0,      18.61,    15.09,    20.34,    19.17,    19.85
      254.0,      18.57,    15.04,    20.29,    19.12,    19.82
      255.0,      18.53,    15.00,    20.24,    19.07,    19.78
      256.0,      18.48,    14.96,    20.20,    19.02,    19.75
      257.0,      18.44,    14.92,    20.15,    18.97,    19.72
      258.0,      18.40,    14.88,    20.10,    18.92,    19.69
      259.0,      18.36,    14.84,    20.06,    18.87,    19.65
      260.0,      18.31,    14.79,    20.01,    18.82,    19.62
      261.0,      18.27,    14.75,    19.97,    18.77,    19.59
      262.0,      18.23,    14.71,    19.92,    18.72,    19.56
      263.0,      18.19,    14.67,    19.88,    18.67,    19.53
      264.0,      18.15,    14.63,    19.83,    18.62,    19.50
      265.0,      18.10,    14.59,    19.79,    18.58,    19.46
      266.0,      18.06,    14.55,    19.74,    18.53,    19.43
      267.0,      18.02,    14.51,    19.70,    18.48,    19.40
      268.0,      17.98,    14.47,    19.65,    18.43,    19.37
      269.0,      17.94,    14.43,    19.61,    18.38,    19.34
      270.0,      17.90,    14.39,    19.57,    18.33,    19.31
      271.0,      17.86,    14.35,    19.52,    18.28,    19.28
      272.0,      17.82,    14.31,    19.48,    18.24,    19.25
      273.0,      17.78,    14.27,    19.43,    18.19,    19.22
      274.0,      17.74,    14.23,    19.39,    18.14,    19.19
      275.0,      17.70,    14.19,    19.35,    18.09,    19.16
      276.0,      17.66,    14.15,    19.30,    18.04,    19.13
      277.0,      17.62,    14.11,    19.26,    18.00,    19.10
      278.0,      17.58,    14.07,    19.22,    17.95,    19.07
      279.0,      17.54,    14.03,    19.18,    17.90,    19.04
      280.0,      17.50,    13.99,    19.13,    17.85,    19.02
      281.0,      17.46,    13.95,    19.09,    17.81,    18.99
      282.0,      17.42,    13.92,    19.05,    17.76,    18.96
      283.0,      17.38,    13.88,    19.01,    17.71,    18.93
      284.0,      17.34,    13.84,    18.96,    17.67,    18.90
      285.0,      17.30,    13.80,    18.92,    17.62,    18.87
      286.0,      17.26,    13.76,    18.88,    17.57,    18.84
      287.0,      17.23,    13.72,    18.84,    17.53,    18.82
      288.0,      17.19,    13.69,    18.80,    17.48,    18.79
      289.0,      17.15,    13.65,    18.76,    17.43,    18.76
      290.0,      17.11,    13.61,    18.71,    17.39,    18.73
      291.0,      17.07,    13.57,    18.67,    17.34,    18.71
      292.0,      17.04,    13.54,    18.63,    17.30,    18.68
      293.0,      17.00,    13.50,    18.59,    17.25,    18.65
      294.0,      16.96,    13.46,    18.55,    17.20,    18.62
      295.0,      16.92,    13.42,    18.51,    17.16,    18.60
      296.0,      16.88,    13.39,    18.47,    17.11,    18.57
      297.0,      16.85,    13.35,    18.43,    17.07,    18.54
      298.0,      16.81,    13.31,    18.39,    17.02,    18.52
      299.0,      16.77,    13.28,    18.35,    16.98,    18.49
      300.0,      16.74,    13.24,    18.31,    16.93,    18.46
      301.0,      16.70,    13.20,    18.27,    16.89,    18.44
      302.0,      16.66,    13.17,    18.23,    16.84,    18.41
      303.0,      16.63,    13.13,    18.19,    16.80,    18.38
      304.0,      16.59,    13.09,    18.15,    16.76,    18.36
      305.0,      16.55,    13.06,    18.11,    16.71,    18.33
      306.0,      16.52,    13.02,    18.07,    16.67,    18.31
      307.0,      16.48,    12.98,    18.03,    16.62,    18.28
      308.0,      16.44,    12.95,    17.99,    16.58,    18.25
      309.0,      16.41,    12.91,    17.95,    16.54,    18.23
      310.0,      16.37,    12.88,    17.91,    16.49,    18.20
      311.0,      16.34,    12.84,    17.88,    16.45,    18.18
      312.0,      16.30,    12.81,    17.84,    16.41,    18.15
      313.0,      16.26,    12.77,    17.80,    16.36,    18.13
      314.0,      16.23,    12.73,    17.76,    16.32,    18.10
      315.0,      16.19,    12.70,    17.72,    16.28,    18.08
      316.0,      16.16,    12.66,    17.68,    16.23,    18.05
      317.0,      16.12,    12.63,    17.65,    16.19,    18.03
      318.0,      16.09,    12.59,    17.61,    16.15,    18.00
      319.0,      16.05,    12.56,    17.57,    16.10,    17.98
      320.0,      16.02,    12.52,    17.53,    16.06,    17.95
      321.0,      15.98,    12.49,    17.50,    16.02,    17.93
      322.0,      15.95,    12.46,    17.46,    15.98,    17.90
      323.0,      15.91,    12.42,    17.42,    15.94,    17.88
      324.0,      15.88,    12.39,    17.38,    15.89,    17.86
      325.0,      15.85,    12.35,    17.35,    15.85,    17.83
      326.0,      15.81,    12.32,    17.31,    15.81,    17.81
      327.0,      15.78,    12.28,    17.27,    15.77,    17.78
      328.0,      15.74,    12.25,    17.24,    15.73,    17.76
      329.0,      15.71,    12.22,    17.20,    15.68,    17.74
      330.0,      15.68,    12.18,    17.16,    15.64,    17.71
      331.0,      15.64,    12.15,    17.13,    15.60,    17.69
      332.0,      15.61,    12.12,    17.09,    15.56,    17.67
      333.0,      15.57,    12.08,    17.05,    15.52,    17.64
      334.0,      15.54,    12.05,    17.02,    15.48,    17.62
      335.0,      15.51,    12.01,    16.98,    15.44,    17.60
      336.0,      15.47,    11.98,    16.95,    15.40,    17.57
      337.0,      15.44,    11.95,    16.91,    15.36,    17.55
      338.0,      15.41,    11.92,    16.87,    15.32,    17.53
      339.0,      15.38,    11.88,    16.84,    15.28,    17.50
      340.0,      15.34,    11.85,    16.80,    15.24,    17.48
      341.0,      15.31,    11.82,    16.77,    15.19,    17.46
      342.0,      15.28,    11.78,    16.73,    15.15,    17.44
      343.0,      15.24,    11.75,    16.70,    15.11,    17.41
      344.0,      15.21,    11.72,    16.66,    15.07,    17.39
      345.0,      15.18,    11.69,    16.63,    15.04,    17.37
      346.0,      15.15,    11.65,    16.59,    15.00,    17.35
      347.0,      15.12,    11.62,    16.56,    14.96,    17.32
      348.0,      15.08,    11.59,    16.52,    14.92,    17.30
      349.0,      15.05,    11.56,    16.49,    14.88,    17.28
      350.0,      15.02,    11.53,    16.45,    14.84,    17.26
      351.0,      14.99,    11.49,    16.42,    14.80,    17.24
      352.0,      14.96,    11.46,    16.39,    14.76,    17.21
      353.0,      14.92,    11.43,    16.35,    14.72,    17.19
      354.0,      14.89,    11.40,    16.32,    14.68,    17.17
      355.0,      14.86,    11.37,    16.28,    14.64,    17.15
      356.0,      14.83,    11.34,    16.25,    14.60,    17.13
      357.0,      14.80,    11.31,    16.22,    14.57,    17.11
      358.0,      14.77,    11.27,    16.18,    14.53,    17.08
      359.0,      14.74,    11.24,    16.15,    14.49,    17.06
      360.0,      14.70,    11.21,    16.12,    14.45,    17.04
      361.0,      14.67,    11.18,    16.08,    14.41,    17.02
      362.0,      14.64,    11.15,    16.05,    14.37,    17.00
      363.0,      14.61,    11.12,    16.02,    14.34,    16.98
      364.0,      14.58,    11.09,    15.98,    14.30,    16.96
      365.0,      14.55,    11.06,    15.95,    14.26,    16.94
      366.0,      14.52,    11.03,    15.92,    14.22,    16.92
      367.0,      14.49,    11.00,    15.88,    14.19,    16.89
      368.0,      14.46,    10.97,    15.85,    14.15,    16.87
      369.0,      14.43,    10.94,    15.82,    14.11,    16.85
      370.0,      14.40,    10.91,    15.79,    14.07,    16.83
      371.0,      14.37,    10.88,    15.75,    14.04,    16.81
      372.0,      14.34,    10.85,    15.72,    14.00,    16.79
      373.0,      14.31,    10.82,    15.69,    13.96,    16.77
      374.0,      14.28,    10.79,    15.66,    13.93,    16.75
      375.0,      14.25,    10.76,    15.62,    13.89,    16.73
      376.0,      14.22,    10.73,    15.59,    13.85,    16.71
      377.0,      14.19,    10.70,    15.56,    13.82,    16.69
      378.0,      14.16,    10.67,    15.53,    13.78,    16.67
      379.0,      14.13,    10.64,    15.50,    13.74,    16.65
      380.0,      14.10,    10.61,    15.46,    13.71,    16.63
      381.0,      14.07,    10.58,    15.43,    13.67,    16.61
      382.0,      14.04,    10.55,    15.40,    13.63,    16.59
      383.0,      14.01,    10.52,    15.37,    13.60,    16.57
      384.0,      13.99,    10.49,    15.34,    13.56,    16.55
      385.0,      13.96,    10.46,    15.31,    13.53,    16.53
      386.0,      13.93,    10.43,    15.28,    13.49,    16.51
      387.0,      13.90,    10.40,    15.24,    13.46,    16.49
      388.0,      13.87,    10.38,    15.21,    13.42,    16.47
      389.0,      13.84,    10.35,    15.18,    13.38,    16.45
      390.0,      13.81,    10.32,    15.15,    13.35,    16.43
      391.0,      13.78,    10.29,    15.12,    13.31,    16.41
      392.0,      13.76,    10.26,    15.09,    13.28,    16.39
      393.0,      13.73,    10.23,    15.06,    13.24,    16.37
      394.0,      13.70,    10.20,    15.03,    13.21,    16.35
      395.0,      13.67,    10.18,    15.00,    13.17,    16.33
      396.0,      13.64,    10.15,    14.97,    13.14,    16.31
      397.0,      13.61,    10.12,    14.94,    13.10,    16.29
      398.0,      13.59,    10.09,    14.91,    13.07,    16.28
      399.0,      13.56,    10.06,    14.88,    13.04,    16.26
      400.0,      13.53,    10.04,    14.85,    13.00,    16.24
