Radius (km), Mean (m/s), NE (m/s), SE (m/s), SW (m/s), NW (m/s)
        0.0,       0.00,     0.00,     0.00,     0.00,     0.00
        1.0,       1.83,     1.62,     1.90,     2.06,     1.74
        2.0,       3.08,     2.87,     3.16,     3.29,     3.00
        3.0,       4.18,     4.01,     4.25,     4.33,     4.13
        4.0,       5.19,     5.08,     5.25,     5.26,     5.18
        5.0,       6.14,     6.11,     6.19,     6.11,     6.17
        6.0,       7.05,     7.10,     7.08,     6.91,     7.12
        7.0,       7.92,     8.06,     7.93,     7.67,     8.03
        8.0,       8.76,     9.00,     8.74,     8.40,     8.92
        9.0,       9.58,     9.91,     9.53,     9.10,     9.78
       10.0,      10.38,    10.81,    10.30,     9.77,    10.63
       11.0,      11.15,    11.69,    11.05,    10.42,    11.45
       12.0,      11.91,    12.56,    11.78,    11.05,    12.26
       13.0,      12.66,    13.42,    12.49,    11.66,    13.06
       14.0,      13.39,    14.26,    13.19,    12.26,    13.84
       15.0,      14.11,    15.09,    13.88,    12.85,    14.61
       16.0,      14.82,    15.92,    14.55,    13.42,    15.37
       17.0,      15.51,    16.73,    15.22,    13.99,    16.12
       18.0,      16.20,    17.54,    15.87,    14.54,    16.86
       19.0,      16.88,    18.34,    16.51,    15.08,    17.59
       20.0,      17.55,    19.13,    17.15,    15.61,    18.32
       21.0,      18.21,    19.91,    17.77,    16.13,    19.03
       22.0,      18.87,    20.69,    18.39,    16.65,    19.74
       23.0,      19.52,    21.46,    19.00,    17.16,    20.44
       24.0,      20.16,    22.23,    19.61,    17.66,    21.13
       25.0,      20.79,    22.99,    20.20,    18.15,    21.82
       26.0,      21.42,    23.74,    20.80,    18.64,    22.51
       27.0,      22.04,    24.49,    21.38,    19.12,    23.18
       28.0,      22.66,    25.24,    21.96,    19.60,    23.85
       29.0,      23.27,    25.98,    22.53,    20.07,    24.52
       30.0,      23.89,    26.72,    23.11,    20.54,    25.18
       31.0,      24.51,    27.50,    23.69,    21.01,    25.86
       32.0,      25.18,    28.34,    24.30,    21.52,    26.57
       33.0,      25.92,    29.28,    24.97,    22.08,    27.35
       34.0,      26.74,    30.34,    25.72,    22.70,    28.20
       35.0,      27.63,    31.49,    26.53,    23.39,    29.13
       36.0,      28.58,    32.71,    27.39,    24.12,    30.11
       37.0,      29.54,    33.92,    28.27,    24.86,    31.11
       38.0,      30.45,    35.06,    29.11,    25.56,    32.08
       39.0,      31.26,    36.06,    29.86,    26.18,    32.95
       40.0,      31.92,    36.84,    30.47,    26.68,    33.67
       41.0,      32.38,    37.37,    30.92,    27.03,    34.21
       42.0,      32.64,    37.63,    31.17,    27.21,    34.55
       43.0,      32.70,    37.64,    31.25,    27.23,    34.68
       44.0,      32.57,    37.41,    31.16,    27.09,    34.62
       45.0,      32.30,    37.02,    30.94,    26.84,    34.41
       46.0,      31.94,    36.52,    30.62,    26.52,    34.10
       47.0,      31.52,    35.96,    30.26,    26.14,    33.72
       48.0,      31.08,    35.38,    29.88,    25.76,    33.32
       49.0,      30.66,    34.83,    29.51,    25.38,    32.92
       50.0,      30.26,    34.31,    29.15,    25.03,    32.54
       51.0,      29.88,    33.83,    28.83,    24.70,    32.18
       52.0,      29.53,    33.36,    28.52,    24.39,    31.84
       53.0,      29.18,    32.92,    28.22,    24.09,    31.51
       54.0,      28.85,    32.49,    27.93,    23.80,    31.19
       55.0,      28.53,    32.07,    27.66,    23.52,    30.87
       56.0,      28.22,    31.67,    27.39,    23.25,    30.56
       57.0,      27.92,    31.29,    27.13,    22.99,    30.26
       58.0,      27.62,    30.92,    26.88,    22.74,    29.96
       59.0,      27.34,    30.56,    26.63,    22.50,    29.67
       60.0,      27.07,    30.21,    26.40,    22.26,    29.39
       61.0,      26.80,    29.88,    26.17,    22.04,    29.11
       62.0,      26.54,    29.55,    25.95,    21.82,    28.84
       63.0,      26.29,    29.24,    25.74,    21.61,    28.57
       64.0,      26.05,    28.94,    25.53,    21.41,    28.31
       65.0,      25.81,    28.65,    25.33,    21.21,    28.06
       66.0,      25.58,    28.37,    25.13,    21.02,    27.81
       67.0,      25.36,    28.10,    24.94,    20.83,    27.56
       68.0,      25.15,    27.84,    24.76,    20.66,    27.32
       69.0,      24.94,    27.59,    24.58,    20.48,    27.09
       70.0,      24.73,    27.34,    24.41,    20.32,    26.86
       71.0,      24.54,    27.11,    24.24,    20.16,    26.64
       72.0,      24.34,    26.88,    24.08,    20.00,    26.42
       73.0,      24.16,    26.66,    23.92,    19.85,    26.20
       74.0,      23.98,    26.44,    23.77,    19.70,    25.99
       75.0,      23.80,    26.24,    23.62,    19.56,    25.78
       76.0,      23.63,    26.04,    23.48,    19.42,    25.58
       77.0,      23.46,    25.84,    23.34,    19.29,    25.38
       78.0,      23.30,    25.66,    23.20,    19.16,    25.19
       79.0,      23.14,    25.47,    23.07,    19.04,    25.00
       80.0,      22.99,    25.30,    22.94,    18.91,    24.81
       81.0,      22.84,    25.13,    22.81,    18.80,    24.63
       82.0,      22.70,    24.96,    22.69,    18.68,    24.45
       83.0,      22.55,    24.80,    22.57,    18.57,    24.28
       84.0,      22.42,    24.65,    22.45,    18.46,    24.10
       85.0,      22.28,    24.50,    22.33,    18.36,    23.94
       86.0,      22.15,    24.35,    22.22,    18.26,    23.77
       87.0,      22.02,    24.21,    22.11,    18.16,    23.61
       88.0,      21.90,    24.07,    22.01,    18.06,    23.45
       89.0,      21.78,    23.94,    21.90,    17.97,    23.29
       90.0,      21.66,    23.81,    21.80,    17.88,    23.14
       91.0,      21.54,    23.68,    21.71,    17.79,    22.99
       92.0,      21.43,    23.56,    21.61,    17.70,    22.84
       93.0,      21.32,    23.44,    21.51,    17.62,    22.70
       94.0,      21.21,    23.32,    21.42,    17.54,    22.56
       95.0,      21.10,    23.21,    21.33,    17.46,    22.42
       96.0,      21.00,    23.10,    21.24,    17.38,    22.28
       97.0,      20.90,    22.99,    21.16,    17.30,    22.15
       98.0,      20.80,    22.89,    21.07,    17.23,    22.02
       99.0,      20.71,    22.79,    20.99,    17.16,    21.89
      100.0,      20.61,    22.69,    20.91,    17.09,    21.76
      101.0,      20.52,    22.59,    20.83,    17.02,    21.64
      102.0,      20.43,    22.50,    20.75,    16.95,    21.52
      103.0,      20.34,    22.41,    20.67,    16.89,    21.40
      104.0,      20.25,    22.32,    20.60,    16.82,    21.28
      105.0,      20.17,    22.23,    20.52,    16.76,    21.17
      106.0,      20.09,    22.15,    20.45,    16.70,    21.05
      107.0,      20.01,    22.06,    20.38,    16.64,    20.94
      108.0,      19.93,    21.98,    20.31,    16.58,    20.83
      109.0,      19.85,    21.90,    20.24,    16.52,    20.72
      110.0,      19.77,    21.82,    20.17,    16.47,    20.62
      111.0,      19.69,    21.75,    20.10,    16.41,    20.51
      112.0,      19.62,    21.67,    20.04,    16.36,    20.41
      113.0,      19.55,    21.60,    19.97,    16.30,    20.31
      114.0,      19.48,    21.53,    19.91,    16.25,    20.21
      115.0,      19.41,    21.46,    19.85,    16.20,    20.12
      116.0,      19.34,    21.39,    19.78,    16.15,    20.02
      117.0,      19.27,    21.32,    19.72,    16.10,    19.93
      118.0,      19.20,    21.26,    19.66,    16.05,    19.83
      119.0,      19.14,    21.19,    19.60,    16.01,    19.74
      120.0,      19.07,    21.13,    19.54,    15.96,    19.65
      121.0,      19.01,    21.07,    19.49,    15.91,    19.57
      122.0,      18.95,    21.01,    19.43,    15.87,    19.48
      123.0,      18.88,    20.95,    19.37,    15.82,    19.39
      124.0,      18.82,    20.89,    19.32,    15.78,    19.31
      125.0,      18.76,    20.83,    19.26,    15.74,    19.23
      126.0,      18.70,    20.77,    19.21,    15.69,    19.15
      127.0,      18.65,    20.72,    19.15,    15.65,    19.07
      128.0,      18.59,    20.66,    19.10,    15.61,    18.99
      129.0,      18.53,    20.61,    19.05,    15.57,    18.91
      130.0,      18.48,    20.55,    18.99,    15.53,    18.83
      131.0,      18.42,    20.50,    18.94,    15.49,    18.76
      132.0,      18.37,    20.45,    18.89,    15.45,    18.68
      133.0,      18.31,    20.40,    18.84,    15.41,    18.61
      134.0,      18.26,    20.35,    18.79,    15.37,    18.54
      135.0,      18.21,    20.30,    18.74,    15.34,    18.47
      136.0,      18.16,    20.25,    18.69,    15.30,    18.40
      137.0,      18.11,    20.20,    18.64,    15.26,    18.33
      138.0,      18.06,    20.15,    18.59,    15.22,    18.26
      139.0,      18.01,    20.10,    18.55,    15.19,    18.19
      140.0,      17.96,    20.06,    18.50,    15.15,    18.13
      141.0,      17.91,    20.01,    18.45,    15.12,    18.06
      142.0,      17.86,    19.96,    18.41,    15.08,    18.00
      143.0,      17.81,    19.92,    18.36,    15.05,    17.93
      144.0,      17.77,    19.87,    18.31,    15.01,    17.87
      145.0,      17.72,    19.83,    18.27,    14.98,    17.81
      146.0,      17.67,    19.78,    18.22,    14.95,    17.75
      147.0,      17.63,    19.74,    18.18,    14.91,    17.69
      148.0,      17.58,    19.70,    18.13,    14.88,    17.63
      149.0,      17.54,    19.66,    18.09,    14.85,    17.57
      150.0,      17.50,    19.61,    18.04,    14.81,    17.51
      151.0,      17.45,    19.57,    18.00,    14.78,    17.45
      152.0,      17.41,    19.53,    17.96,    14.75,    17.40
      153.0,      17.36,    19.49,    17.91,    14.72,    17.34
      154.0,      17.32,    19.45,    17.87,    14.69,    17.28
      155.0,      17.28,    19.41,    17.83,    14.66,    17.23
      156.0,      17.24,    19.37,    17.78,    14.63,    17.17
      157.0,      17.20,    19.33,    17.74,    14.59,    17.12
      158.0,      17.15,    19.29,    17.70,    14.56,    17.07
      159.0,      17.11,    19.25,    17.66,    14.53,    17.02
      160.0,      17.07,    19.21,    17.62,    14.50,    16.96
      161.0,      17.03,    19.17,    17.57,    14.47,    16.91
      162.0,      16.99,    19.13,    17.53,    14.44,    16.86
      163.0,      16.95,    19.10,    17.49,    14.41,    16.81
      164.0,      16.91,    19.06,    17.45,    14.38,    16.76
      165.0,      16.87,    19.02,    17.41,    14.36,    16.71
      166.0,      16.84,    18.98,    17.37,    14.33,    16.66
      167.0,      16.80,    18.95,    17.33,    14.30,    16.62
      168.0,      16.76,    18.91,    17.29,    14.27,    16.57
      169.0,      16.72,    18.87,    17.25,    14.24,    16.52
      170.0,      16.68,    18.84,    17.21,    14.21,    16.47
      171.0,      16.65,    18.80,    17.17,    14.18,    16.43
      172.0,      16.61,    18.76,    17.13,    14.16,    16.38
      173.0,      16.57,    18.73,    17.09,    14.13,    16.34
      174.0,      16.53,    18.69,    17.05,    14.10,    16.29
      175.0,      16.50,    18.66,    17.01,    14.07,    16.25
      176.0,      16.46,    18.62,    16.98,    14.04,    16.20
      177.0,      16.43,    18.59,    16.94,    14.02,    16.16
      178.0,      16.39,    18.55,    16.90,    13.99,    16.12
      179.0,      16.35,    18.52,    16.86,    13.96,    16.07
      180.0,      16.32,    18.48,    16.82,    13.93,    16.03
      181.0,      16.28,    18.45,    16.78,    13.91,    15.99
      182.0,      16.25,    18.41,    16.75,    13.88,    15.95
      183.0,      16.21,    18.38,    16.71,    13.85,    15.91
      184.0,      16.18,    18.35,    16.67,    13.83,    15.86
      185.0,      16.14,    18.31,    16.63,    13.80,    15.82
      186.0,      16.11,    18.28,    16.60,    13.77,    15.78
      187.0,      16.07,    18.24,    16.56,    13.75,    15.74
      188.0,      16.04,    18.21,    16.52,    13.72,    15.70
      189.0,      16.01,    18.18,    16.48,    13.70,    15.66
      190.0,      15.97,    18.14,    16.45,    13.67,    15.62
      191.0,      15.94,    18.11,    16.41,    13.64,    15.58
      192.0,      15.90,    18.08,    16.37,    13.62,    15.55
      193.0,      15.87,    18.05,    16.34,    13.59,    15.51
      194.0,      15.84,    18.01,    16.30,    13.57,    15.47
      195.0,      15.80,    17.98,    16.27,    13.54,    15.43
      196.0,      15.77,    17.95,    16.23,    13.51,    15.39
      197.0,      15.74,    17.91,    16.19,    13.49,    15.36
      198.0,      15.71,    17.88,    16.16,    13.46,    15.32
      199.0,      15.67,    17.85,    16.12,    13.44,    15.28
      200.0,      15.64,    17.82,    16.09,    13.41,    15.25
      201.0,      15.61,    17.79,    16.05,    13.39,    15.21
      202.0,      15.58,    17.75,    16.01,    13.36,    15.17
      203.0,      15.54,    17.72,    15.98,    13.34,    15.14
      204.0,      15.51,    17.69,    15.94,    13.31,    15.10
      205.0,      15.48,    17.66,    15.91,    13.29,    15.07
      206.0,      15.45,    17.63,    15.87,    13.26,    15.03
      207.0,      15.42,    17.60,    15.84,    13.24,    15.00
      208.0,      15.39,    17.56,    15.80,    13.21,    14.96
      209.0,      15.35,    17.53,    15.77,    13.19,    14.93
      210.0,      15.32,    17.50,    15.73,    13.16,    14.89
      211.0,      15.29,    17.47,    15.70,    13.14,    14.86
      212.0,      15.26,    17.44,    15.67,    13.11,    14.83
      213.0,      15.23,    17.41,    15.63,    13.09,    14.79
      214.0,      15.20,    17.38,    15.60,    13.07,    14.76
      215.0,      15.17,    17.35,    15.56,    13.04,    14.73
      216.0,      15.14,    17.32,    15.53,    13.02,    14.69
      217.0,      15.11,    17.29,    15.49,    12.99,    14.66
      218.0,      15.08,    17.26,    15.46,    12.97,    14.63
      219.0,      15.05,    17.22,    15.43,    12.94,    14.59
      220.0,      15.02,    17.19,    15.39,    12.92,    14.56
      221.0,      14.99,    17.16,    15.36,    12.90,    14.53
      222.0,      14.96,    17.13,    15.32,    12.87,    14.50
      223.0,      14.93,    17.10,    15.29,    12.85,    14.47
      224.0,      14.90,    17.07,    15.26,    12.82,    14.43
      225.0,      14.87,    17.04,    15.22,    12.80,    14.40
      226.0,      14.84,    17.01,    15.19,    12.78,    14.37
      227.0,      14.81,    16.98,    15.16,    12.75,    14.34
      228.0,      14.78,    16.95,    15.12,    12.73,    14.31
      229.0,      14.75,    16.92,    15.09,    12.71,    14.28
      230.0,      14.72,    16.89,    15.06,    12.68,    14.25
      231.0,      14.69,    16.86,    15.03,    12.66,    14.22
      232.0,      14.66,    16.83,    14.99,    12.64,    14.19
      233.0,      14.63,    16.80,    14.96,    12.61,    14.15
      234.0,      14.60,    16.78,    14.93,    12.59,    14.12
      235.0,      14.58,    16.75,    14.89,    12.57,    14.09
      236.0,      14.55,    16.72,    14.86,    12.54,    14.06
      237.0,      14.52,    16.69,    14.83,    12.52,    14.03
      238.0,      14.49,    16.66,    14.80,    12.50,    14.00
      239.0,      14.46,    16.63,    14.76,    12.47,    13.97
      240.0,      14.43,    16.60,    14.73,    12.45,    13.95
      241.0,      14.40,    16.57,    14.70,    12.43,    13.92
      242.0,      14.38,    16.54,    14.67,    12.41,    13.89
      243.0,      14.35,    16.51,    14.64,    12.38,    13.86
      244.0,      14.32,    16.48,    14.60,    12.36,    13.83
      245.0,      14.29,    16.45,    14.57,    12.34,    13.80
      246.0,      14.26,    16.43,    14.54,    12.31,    13.77
      247.0,      14.23,    16.40,    14.51,    12.29,    13.74
      248.0,      14.21,    16.37,    14.48,    12.27,    13.71
      249.0,      14.18,    16.34,    14.45,    12.25,    13.68
      250.0,      14.15,    16.31,    14.41,    12.22,    13.66
      251.0,      14.12,    16.28,    14.38,    12.20,    13.63
      252.0,      14.10,    16.25,    14.35,    12.18,    13.60
      253.0,      14.07,    16.23,    14.32,    12.16,    13.57
      254.0,      14.04,    16.20,    14.29,    12.13,    13.54
      255.0,      14.01,    16.17,    14.26,    12.11,    13.52
      256.0,      13.99,    16.14,    14.23,    12.09,    13.49
      257.0,      13.96,    16.11,    14.20,    12.07,    13.46
      258.0,      13.93,    16.08,    14.16,    12.05,    13.43
      259.0,      13.90,    16.06,    14.13,    12.02,    13.40
      260.0,      13.88,    16.03,    14.10,    12.00,    13.38
      261.0,      13.85,    16.00,    14.07,    11.98,    13.35
      262.0,      13.82,    15.97,    14.04,    11.96,    13.32
      263.0,      13.80,    15.94,    14.01,    11.94,    13.30
      264.0,      13.77,    15.92,    13.98,    11.91,    13.27
      265.0,      13.74,    15.89,    13.95,    11.89,    13.24
      266.0,      13.72,    15.86,    13.92,    11.87,    13.21
      267.0,      13.69,    15.83,    13.89,    11.85,    13.19
      268.0,      13.66,    15.81,    13.86,    11.83,    13.16
      269.0,      13.64,    15.78,    13.83,    11.80,    13.13
      270.0,      13.61,    15.75,    13.80,    11.78,    13.11
      271.0,      13.58,    15.72,    13.77,    11.76,    13.08
      272.0,      13.56,    15.70,    13.74,    11.74,    13.06
      273.0,      13.53,    15.67,    13.71,    11.72,    13.03
      274.0,      13.50,    15.64,    13.68,    11.70,    13.00
      275.0,      13.48,    15.61,    13.65,    11.67,    12.98
      276.0,      13.45,    15.59,    13.62,    11.65,    12.95
      277.0,      13.43,    15.56,    13.59,    11.63,    12.92
      278.0,      13.40,    15.53,    13.56,    11.61,    12.90
      279.0,      13.37,    15.51,    13.53,    11.59,    12.87
      280.0,      13.35,    15.48,    13.50,    11.57,    12.85
      281.0,      13.32,    15.45,    13.47,    11.55,    12.82
      282.0,      13.30,    15.42,    13.44,    11.53,    12.80
      283.0,      13.27,    15.40,    13.41,    11.50,    12.77
      284.0,      13.25,    15.37,    13.38,    11.48,    12.74
      285.0,      13.22,    15.34,    13.35,    11.46,    12.72
      286.0,      13.19,    15.32,    13.33,    11.44,    12.69
      287.0,      13.17,    15.29,    13.30,    11.42,    12.67
      288.0,      13.14,    15.26,    13.27,    11.40,    12.64
      289.0,      13.12,    15.24,    13.24,    11.38,    12.62
      290.0,      13.09,    15.21,    13.21,    11.36,    12.59
      291.0,      13.07,    15.18,    13.18,    11.34,    12.57
      292.0,      13.04,    15.16,    13.15,    11.32,    12.54
      293.0,      13.02,    15.13,    13.12,    11.30,    12.52
      294.0,      12.99,    15.11,    13.10,    11.28,    12.49
      295.0,      12.97,    15.08,    13.07,    11.25,    12.47
      296.0,      12.94,    15.05,    13.04,    11.23,    12.44
      297.0,      12.92,    15.03,    13.01,    11.21,    12.42
      298.0,      12.89,    15.00,    12.98,    11.19,    12.39
      299.0,      12.87,    14.97,    12.95,    11.17,    12.37
      300.0,      12.84,    14.95,    12.93,    11.15,    12.35
      301.0,      12.82,    14.92,    12.90,    11.13,    12.32
      302.0,      12.79,    14.90,    12.87,    11.11,    12.30
      303.0,      12.77,    14.87,    12.84,    11.09,    12.27
      304.0,      12.74,    14.84,    12.81,    11.07,    12.25
      305.0,      12.72,    14.82,    12.79,    11.05,    12.22
      306.0,      12.70,    14.79,    12.76,    11.03,    12.20
      307.0,      12.67,    14.77,    12.73,    11.01,    12.18
      308.0,      12.65,    14.74,    12.70,    10.99,    12.15
      309.0,      12.62,    14.72,    12.67,    10.97,    12.13
      310.0,      12.60,    14.69,    12.65,    10.95,    12.11
      311.0,      12.57,    14.66,    12.62,    10.93,    12.08
      312.0,      12.55,    14.64,    12.59,    10.91,    12.06
      313.0,      12.53,    14.61,    12.56,    10.89,    12.03
      314.0,      12.50,    14.59,    12.54,    10.87,    12.01
      315.0,      12.48,    14.56,    12.51,    10.85,    11.99
      316.0,      12.45,    14.54,    12.48,    10.83,    11.96
      317.0,      12.43,    14.51,    12.46,    10.81,    11.94
      318.0,      12.41,    14.49,    12.43,    10.79,    11.92
      319.0,      12.38,    14.46,    12.40,    10.77,    11.89
      320.0,      12.36,    14.44,    12.37,    10.75,    11.87
      321.0,      12.33,    14.41,    12.35,    10.73,    11.85
      322.0,      12.31,    14.39,    12.32,    10.71,    11.82
      323.0,      12.29,    14.36,    12.29,    10.69,    11.80
      324.0,      12.26,    14.34,    12.27,    10.67,    11.78
      325.0,      12.24,    14.31,    12.24,    10.65,    11.75
      326.0,      12.22,    14.29,    12.21,    10.63,    11.73
      327.0,      12.19,    14.26,    12.19,    10.61,    11.71
      328.0,      12.17,    14.24,    12.16,    10.59,    11.69
      329.0,      12.15,    14.21,    12.13,    10.57,    11.66
      330.0,      12.12,    14.19,    12.11,    10.55,    11.64
      331.0,      12.10,    14.16,    12.08,    10.54,    11.62
      332.0,      12.08,    14.14,    12.06,    10.52,    11.59
      333.0,      12.05,    14.11,    12.03,    10.50,    11.57
      334.0,      12.03,    14.09,    12.00,    10.48,    11.55
      335.0,      12.01,    14.06,    11.98,    10.46,    11.53
      336.0,      11.98,    14.04,    11.95,    10.44,    11.50
      337.0,      11.96,    14.02,    11.92,    10.42,    11.48
      338.0,      11.94,    13.99,    11.90,    10.40,    11.46
      339.0,      11.91,    13.97,    11.87,    10.38,    11.44
      340.0,      11.89,    13.94,    11.85,    10.36,    11.42
      341.0,      11.87,    13.92,    11.82,    10.34,    11.39
      342.0,      11.85,    13.89,    11.80,    10.33,    11.37
      343.0,      11.82,    13.87,    11.77,    10.31,    11.35
      344.0,      11.80,    13.85,    11.74,    10.29,    11.33
      345.0,      11.78,    13.82,    11.72,    10.27,    11.30
      346.0,      11.76,    13.80,    11.69,    10.25,    11.28
      347.0,      11.73,    13.77,    11.67,    10.23,    11.26
      348.0,      11.71,    13.75,    11.64,    10.21,    11.24
      349.0,      11.69,    13.73,    11.62,    10.19,    11.22
      350.0,      11.67,    13.70,    11.59,    10.17,    11.20
      351.0,      11.64,    13.68,    11.57,    10.16,    11.17
      352.0,      11.62,    13.65,    11.54,    10.14,    11.15
      353.0,      11.60,    13.63,    11.52,    10.12,    11.13
      354.0,      11.58,    13.61,    11.49,    10.10,    11.11
      355.0,      11.55,    13.58,    11.47,    10.08,    11.09
      356.0,      11.53,    13.56,    11.44,    10.06,    11.07
      357.0,      11.51,    13.54,    11.42,    10.05,    11.04
      358.0,      11.49,    13.51,    11.39,    10.03,    11.02
      359.0,      11.47,    13.49,    11.37,    10.01,    11.00
      360.0,      11.44,    13.47,    11.34,     9.99,    10.98
      361.0,      11.42,    13.44,    11.32,     9.97,    10.96
      362.0,      11.40,    13.42,    11.29,     9.95,    10.94
      363.0,      11.38,    13.40,    11.27,     9.94,    10.92
      364.0,      11.36,    13.37,    11.24,     9.92,    10.90
      365.0,      11.34,    13.35,    11.22,     9.90,    10.87
      366.0,      11.31,    13.33,    11.20,     9.88,    10.85
      367.0,      11.29,    13.30,    11.17,     9.86,    10.83
      368.0,      11.27,    13.28,    11.15,     9.84,    10.81
      369.0,      11.25,    13.26,    11.12,     9.83,    10.79
      370.0,      11.23,    13.23,    11.10,     9.81,    10.77
      371.0,      11.21,    13.21,    11.07,     9.79,    10.75
      372.0,      11.18,    13.19,    11.05,     9.77,    10.73
      373.0,      11.16,    13.16,    11.03,     9.75,    10.71
      374.0,      11.14,    13.14,    11.00,     9.74,    10.69
      375.0,      11.12,    13.12,    10.98,     9.72,    10.67
      376.0,      11.10,    13.10,    10.95,     9.70,    10.64
      377.0,      11.08,    13.07,    10.93,     9.68,    10.62
      378.0,      11.06,    13.05,    10.91,     9.67,    10.60
      379.0,      11.04,    13.03,    10.88,     9.65,    10.58
      380.0,      11.01,    13.00,    10.86,     9.63,    10.56
      381.0,      10.99,    12.98,    10.84,     9.61,    10.54
      382.0,      10.97,    12.96,    10.81,     9.60,    10.52
      383.0,      10.95,    12.94,    10.79,     9.58,    10.50
      384.0,      10.93,    12.91,    10.76,     9.56,    10.48
      385.0,      10.91,    12.89,    10.74,     9.54,    10.46
      386.0,      10.89,    12.87,    10.72,     9.53,    10.44
      387.0,      10.87,    12.85,    10.69,     9.51,    10.42
      388.0,      10.85,    12.82,    10.67,     9.49,    10.40
      389.0,      10.83,    12.80,    10.65,     9.47,    10.38
      390.0,      10.81,    12.78,    10.63,     9.46,    10.36
      391.0,      10.78,    12.76,    10.60,     9.44,    10.34
      392.0,      10.76,    12.74,    10.58,     9.42,    10.32
      393.0,      10.74,    12.71,    10.56,     9.40,    10.30
      394.0,      10.72,    12.69,    10.53,     9.39,    10.28
      395.0,      10.70,    12.67,    10.51,     9.37,    10.26
      396.0,      10.68,    12.65,    10.49,     9.35,    10.24
      397.0,      10.66,    12.63,    10.46,     9.34,    10.22
      398.0,      10.64,    12.60,    10.44,     9.32,    10.20
      399.0,      10.62,    12.58,    10.42,     9.30,    10.18
      400.0,      10.60,    12.56,    10.40,     9.28,    10.16
