Radius (km), Mean (m/s), NE (m/s), SE (m/s), SW (m/s), NW (m/s)
        0.0,      16.58,    17.62,    16.56,    13.85,    18.29
        1.0,      24.26,    25.46,    24.04,    21.42,    26.11
        2.0,      30.52,    32.00,    29.95,    27.54,    32.60
        3.0,      35.52,    37.24,    34.58,    32.49,    37.77
        4.0,      39.23,    41.14,    37.95,    36.24,    41.58
        5.0,      41.70,    43.74,    40.14,    38.85,    44.07
        6.0,      43.08,    45.17,    41.32,    40.42,    45.40
        7.0,      43.57,    45.66,    41.68,    41.14,    45.80
        8.0,      43.43,    45.47,    41.48,    41.22,    45.54
        9.0,      42.88,    44.86,    40.92,    40.88,    44.87
       10.0,      42.14,    44.03,    40.20,    40.31,    44.00
       11.0,      41.33,    43.14,    39.44,    39.67,    43.08
       12.0,      40.55,    42.28,    38.70,    39.03,    42.18
       13.0,      39.81,    41.47,    38.00,    38.43,    41.34
       14.0,      39.10,    40.69,    37.33,    37.86,    40.53
       15.0,      38.42,    39.94,    36.68,    37.31,    39.75
       16.0,      37.77,    39.22,    36.06,    36.78,    39.00
       17.0,      37.14,    38.53,    35.47,    36.27,    38.28
       18.0,      36.53,    37.86,    34.89,    35.77,    37.59
       19.0,      35.95,    37.22,    34.34,    35.30,    36.93
       20.0,      35.38,    36.60,    33.81,    34.84,    36.29
       21.0,      34.84,    36.01,    33.30,    34.39,    35.67
       22.0,      34.32,    35.44,    32.81,    33.96,    35.08
       23.0,      33.82,    34.89,    32.33,    33.55,    34.51
       24.0,      33.34,    34.36,    31.88,    33.15,    33.96
       25.0,      32.87,    33.85,    31.44,    32.76,    33.43
       26.0,      32.42,    33.36,    31.01,    32.38,    32.92
       27.0,      31.99,    32.89,    30.61,    32.02,    32.43
       28.0,      31.57,    32.43,    30.22,    31.67,    31.96
       29.0,      31.17,    32.00,    29.84,    31.33,    31.51
       30.0,      30.78,    31.57,    29.48,    31.01,    31.07
       31.0,      30.41,    31.17,    29.13,    30.69,    30.65
       32.0,      30.05,    30.78,    28.79,    30.38,    30.25
       33.0,      29.70,    30.40,    28.47,    30.09,    29.86
       34.0,      29.37,    30.04,    28.15,    29.80,    29.49
       35.0,      29.05,    29.69,    27.85,    29.53,    29.13
       36.0,      28.74,    29.35,    27.56,    29.26,    28.78
       37.0,      28.44,    29.03,    27.28,    29.00,    28.44
       38.0,      28.15,    28.72,    27.02,    28.75,    28.12
       39.0,      27.87,    28.41,    26.76,    28.50,    27.81
       40.0,      27.60,    28.12,    26.51,    28.27,    27.51
       41.0,      27.34,    27.84,    26.26,    28.04,    27.23
       42.0,      27.09,    27.57,    26.03,    27.82,    26.95
       43.0,      26.85,    27.31,    25.81,    27.60,    26.68
       44.0,      26.62,    27.06,    25.59,    27.40,    26.42
       45.0,      26.39,    26.82,    25.38,    27.19,    26.18
       46.0,      26.18,    26.59,    25.18,    27.00,    25.94
       47.0,      25.97,    26.36,    24.99,    26.81,    25.70
       48.0,      25.76,    26.14,    24.80,    26.63,    25.48
       49.0,      25.57,    25.93,    24.62,    26.45,    25.27
       50.0,      25.38,    25.73,    24.45,    26.27,    25.06
       51.0,      25.20,    25.53,    24.28,    26.11,    24.86
       52.0,      25.02,    25.35,    24.12,    25.94,    24.67
       53.0,      24.85,    25.16,    23.96,    25.78,    24.48
       54.0,      24.68,    24.99,    23.81,    25.63,    24.30
       55.0,      24.52,    24.82,    23.66,    25.48,    24.13
       56.0,      24.37,    24.65,    23.52,    25.34,    23.96
       57.0,      24.22,    24.49,    23.38,    25.19,    23.80
       58.0,      24.07,    24.34,    23.25,    25.06,    23.65
       59.0,      23.93,    24.19,    23.12,    24.92,    23.50
       60.0,      23.80,    24.05,    23.00,    24.79,    23.35
       61.0,      23.67,    23.91,    22.88,    24.67,    23.21
       62.0,      23.54,    23.77,    22.77,    24.54,    23.07
       63.0,      23.42,    23.64,    22.65,    24.42,    22.94
       64.0,      23.30,    23.52,    22.55,    24.31,    22.82
       65.0,      23.18,    23.40,    22.44,    24.19,    22.69
       66.0,      23.07,    23.28,    22.34,    24.08,    22.58
       67.0,      22.96,    23.16,    22.24,    23.97,    22.46
       68.0,      22.85,    23.05,    22.15,    23.87,    22.35
       69.0,      22.75,    22.95,    22.05,    23.76,    22.24
       70.0,      22.65,    22.84,    21.97,    23.66,    22.14
       71.0,      22.56,    22.74,    21.88,    23.56,    22.04
       72.0,      22.46,    22.64,    21.79,    23.47,    21.94
       73.0,      22.37,    22.55,    21.71,    23.37,    21.85
       74.0,      22.28,    22.46,    21.63,    23.28,    21.76
       75.0,      22.20,    22.37,    21.56,    23.19,    21.67
       76.0,      22.11,    22.28,    21.48,    23.11,    21.58
       77.0,      22.03,    22.20,    21.41,    23.02,    21.50
       78.0,      21.95,    22.11,    21.34,    22.94,    21.42
       79.0,      21.87,    22.03,    21.27,    22.85,    21.34
       80.0,      21.80,    21.96,    21.21,    22.77,    21.26
       81.0,      21.73,    21.88,    21.14,    22.69,    21.19
       82.0,      21.66,    21.81,    21.08,    22.62,    21.12
       83.0,      21.59,    21.74,    21.02,    22.54,    21.05
       84.0,      21.52,    21.67,    20.96,    22.47,    20.98
       85.0,      21.45,    21.60,    20.90,    22.40,    20.91
       86.0,      21.39,    21.53,    20.84,    22.32,    20.85
       87.0,      21.33,    21.47,    20.79,    22.25,    20.79
       88.0,      21.26,    21.41,    20.74,    22.19,    20.73
       89.0,      21.20,    21.35,    20.68,    22.12,    20.67
       90.0,      21.15,    21.29,    20.63,    22.05,    20.61
       91.0,      21.09,    21.23,    20.58,    21.99,    20.55
       92.0,      21.03,    21.17,    20.53,    21.92,    20.50
       93.0,      20.98,    21.12,    20.49,    21.86,    20.45
       94.0,      20.92,    21.06,    20.44,    21.80,    20.40
       95.0,      20.87,    21.01,    20.40,    21.74,    20.35
       96.0,      20.82,    20.96,    20.35,    21.68,    20.30
       97.0,      20.77,    20.91,    20.31,    21.62,    20.25
       98.0,      20.72,    20.86,    20.27,    21.56,    20.20
       99.0,      20.67,    20.81,    20.22,    21.50,    20.16
      100.0,      20.63,    20.76,    20.18,    21.45,    20.11
      101.0,      20.58,    20.72,    20.14,    21.39,    20.07
      102.0,      20.53,    20.67,    20.11,    21.34,    20.02
      103.0,      20.49,    20.63,    20.07,    21.28,    19.98
      104.0,      20.45,    20.58,    20.03,    21.23,    19.94
      105.0,      20.40,    20.54,    19.99,    21.18,    19.90
      106.0,      20.36,    20.50,    19.96,    21.12,    19.86
      107.0,      20.32,    20.46,    19.92,    21.07,    19.82
      108.0,      20.28,    20.42,    19.89,    21.02,    19.79
      109.0,      20.24,    20.38,    19.85,    20.97,    19.75
      110.0,      20.20,    20.34,    19.82,    20.92,    19.71
      111.0,      20.16,    20.30,    19.79,    20.87,    19.68
      112.0,      20.12,    20.26,    19.76,    20.83,    19.64
      113.0,      20.08,    20.22,    19.72,    20.78,    19.61
      114.0,      20.05,    20.19,    19.69,    20.73,    19.57
      115.0,      20.01,    20.15,    19.66,    20.68,    19.54
      116.0,      19.97,    20.12,    19.63,    20.64,    19.51
      117.0,      19.94,    20.08,    19.60,    20.59,    19.48
      118.0,      19.90,    20.05,    19.57,    20.55,    19.45
      119.0,      19.87,    20.01,    19.54,    20.50,    19.41
      120.0,      19.83,    19.98,    19.51,    20.46,    19.38
      121.0,      19.80,    19.95,    19.49,    20.41,    19.35
      122.0,      19.77,    19.91,    19.46,    20.37,    19.32
      123.0,      19.73,    19.88,    19.43,    20.33,    19.30
      124.0,      19.70,    19.85,    19.40,    20.28,    19.27
      125.0,      19.67,    19.82,    19.38,    20.24,    19.24
      126.0,      19.64,    19.79,    19.35,    20.20,    19.21
      127.0,      19.60,    19.76,    19.32,    20.16,    19.18
      128.0,      19.57,    19.73,    19.30,    20.11,    19.16
      129.0,      19.54,    19.70,    19.27,    20.07,    19.13
      130.0,      19.51,    19.67,    19.25,    20.03,    19.10
      131.0,      19.48,    19.64,    19.22,    19.99,    19.08
      132.0,      19.45,    19.61,    19.20,    19.95,    19.05
      133.0,      19.42,    19.58,    19.17,    19.91,    19.02
      134.0,      19.39,    19.55,    19.15,    19.87,    19.00
      135.0,      19.36,    19.52,    19.12,    19.83,    18.97
      136.0,      19.33,    19.49,    19.10,    19.79,    18.95
      137.0,      19.30,    19.47,    19.08,    19.75,    18.93
      138.0,      19.28,    19.44,    19.05,    19.71,    18.90
      139.0,      19.25,    19.41,    19.03,    19.67,    18.88
      140.0,      19.22,    19.38,    19.01,    19.64,    18.85
      141.0,      19.19,    19.36,    18.98,    19.60,    18.83
      142.0,      19.16,    19.33,    18.96,    19.56,    18.81
      143.0,      19.14,    19.30,    18.94,    19.52,    18.78
      144.0,      19.11,    19.28,    18.92,    19.48,    18.76
      145.0,      19.08,    19.25,    18.89,    19.45,    18.74
      146.0,      19.06,    19.23,    18.87,    19.41,    18.71
      147.0,      19.03,    19.20,    18.85,    19.37,    18.69
      148.0,      19.00,    19.18,    18.83,    19.33,    18.67
      149.0,      18.98,    19.15,    18.81,    19.30,    18.65
      150.0,      18.95,    19.13,    18.78,    19.26,    18.63
      151.0,      18.92,    19.10,    18.76,    19.23,    18.60
      152.0,      18.90,    19.08,    18.74,    19.19,    18.58
      153.0,      18.87,    19.05,    18.72,    19.15,    18.56
      154.0,      18.85,    19.03,    18.70,    19.12,    18.54
      155.0,      18.82,    19.00,    18.68,    19.08,    18.52
      156.0,      18.79,    18.98,    18.66,    19.05,    18.50
      157.0,      18.77,    18.95,    18.64,    19.01,    18.48
      158.0,      18.74,    18.93,    18.62,    18.98,    18.45
      159.0,      18.72,    18.90,    18.60,    18.94,    18.43
      160.0,      18.69,    18.88,    18.58,    18.91,    18.41
      161.0,      18.67,    18.86,    18.56,    18.87,    18.39
      162.0,      18.64,    18.83,    18.53,    18.84,    18.37
      163.0,      18.62,    18.81,    18.51,    18.80,    18.35
      164.0,      18.59,    18.79,    18.49,    18.77,    18.33
      165.0,      18.57,    18.76,    18.47,    18.73,    18.31
      166.0,      18.55,    18.74,    18.45,    18.70,    18.29
      167.0,      18.52,    18.72,    18.43,    18.66,    18.27
      168.0,      18.50,    18.69,    18.42,    18.63,    18.25
      169.0,      18.47,    18.67,    18.40,    18.60,    18.23
      170.0,      18.45,    18.65,    18.38,    18.56,    18.21
      171.0,      18.43,    18.63,    18.36,    18.53,    18.19
      172.0,      18.40,    18.60,    18.34,    18.49,    18.17
      173.0,      18.38,    18.58,    18.32,    18.46,    18.15
      174.0,      18.35,    18.56,    18.30,    18.43,    18.13
      175.0,      18.33,    18.53,    18.28,    18.39,    18.11
      176.0,      18.31,    18.51,    18.26,    18.36,    18.10
      177.0,      18.28,    18.49,    18.24,    18.33,    18.08
      178.0,      18.26,    18.47,    18.22,    18.30,    18.06
      179.0,      18.24,    18.45,    18.20,    18.26,    18.04
      180.0,      18.21,    18.42,    18.18,    18.23,    18.02
      181.0,      18.19,    18.40,    18.16,    18.20,    18.00
      182.0,      18.17,    18.38,    18.15,    18.16,    17.98
      183.0,      18.14,    18.36,    18.13,    18.13,    17.96
      184.0,      18.12,    18.34,    18.11,    18.10,    17.94
      185.0,      18.10,    18.31,    18.09,    18.07,    17.92
      186.0,      18.08,    18.29,    18.07,    18.03,    17.91
      187.0,      18.05,    18.27,    18.05,    18.00,    17.89
      188.0,      18.03,    18.25,    18.03,    17.97,    17.87
      189.0,      18.01,    18.23,    18.01,    17.94,    17.85
      190.0,      17.98,    18.21,    18.00,    17.91,    17.83
      191.0,      17.96,    18.18,    17.98,    17.87,    17.81
      192.0,      17.94,    18.16,    17.96,    17.84,    17.79
      193.0,      17.92,    18.14,    17.94,    17.81,    17.78
      194.0,      17.89,    18.12,    17.92,    17.78,    17.76
      195.0,      17.87,    18.10,    17.90,    17.75,    17.74
      196.0,      17.85,    18.08,    17.89,    17.72,    17.72
      197.0,      17.83,    18.06,    17.87,    17.68,    17.70
      198.0,      17.81,    18.03,    17.85,    17.65,    17.69
      199.0,      17.78,    18.01,    17.83,    17.62,    17.67
      200.0,      17.76,    17.99,    17.81,    17.59,    17.65
      201.0,      17.74,    17.97,    17.79,    17.56,    17.63
      202.0,      17.72,    17.95,    17.78,    17.53,    17.61
      203.0,      17.69,    17.93,    17.76,    17.50,    17.59
      204.0,      17.67,    17.91,    17.74,    17.47,    17.58
      205.0,      17.65,    17.89,    17.72,    17.44,    17.56
      206.0,      17.63,    17.87,    17.70,    17.41,    17.54
      207.0,      17.61,    17.84,    17.69,    17.37,    17.52
      208.0,      17.59,    17.82,    17.67,    17.34,    17.51
      209.0,      17.56,    17.80,    17.65,    17.31,    17.49
      210.0,      17.54,    17.78,    17.63,    17.28,    17.47
      211.0,      17.52,    17.76,    17.61,    17.25,    17.45
      212.0,      17.50,    17.74,    17.60,    17.22,    17.43
      213.0,      17.48,    17.72,    17.58,    17.19,    17.42
      214.0,      17.46,    17.70,    17.56,    17.16,    17.40
      215.0,      17.43,    17.68,    17.54,    17.13,    17.38
      216.0,      17.41,    17.66,    17.53,    17.10,    17.36
      217.0,      17.39,    17.64,    17.51,    17.07,    17.35
      218.0,      17.37,    17.62,    17.49,    17.04,    17.33
      219.0,      17.35,    17.60,    17.47,    17.01,    17.31
      220.0,      17.33,    17.58,    17.45,    16.98,    17.29
      221.0,      17.31,    17.56,    17.44,    16.95,    17.28
      222.0,      17.28,    17.54,    17.42,    16.92,    17.26
      223.0,      17.26,    17.52,    17.40,    16.89,    17.24
      224.0,      17.24,    17.50,    17.38,    16.86,    17.22
      225.0,      17.22,    17.48,    17.37,    16.83,    17.21
      226.0,      17.20,    17.46,    17.35,    16.80,    17.19
      227.0,      17.18,    17.43,    17.33,    16.77,    17.17
      228.0,      17.16,    17.41,    17.31,    16.74,    17.15
      229.0,      17.14,    17.39,    17.30,    16.71,    17.14
      230.0,      17.11,    17.37,    17.28,    16.68,    17.12
      231.0,      17.09,    17.35,    17.26,    16.66,    17.10
      232.0,      17.07,    17.33,    17.24,    16.63,    17.09
      233.0,      17.05,    17.31,    17.23,    16.60,    17.07
      234.0,      17.03,    17.29,    17.21,    16.57,    17.05
      235.0,      17.01,    17.27,    17.19,    16.54,    17.03
      236.0,      16.99,    17.25,    17.18,    16.51,    17.02
      237.0,      16.97,    17.23,    17.16,    16.48,    17.00
      238.0,      16.95,    17.21,    17.14,    16.45,    16.98
      239.0,      16.93,    17.19,    17.12,    16.42,    16.97
      240.0,      16.91,    17.17,    17.11,    16.39,    16.95
      241.0,      16.89,    17.15,    17.09,    16.37,    16.93
      242.0,      16.86,    17.14,    17.07,    16.34,    16.91
      243.0,      16.84,    17.12,    17.06,    16.31,    16.90
      244.0,      16.82,    17.10,    17.04,    16.28,    16.88
      245.0,      16.80,    17.08,    17.02,    16.25,    16.86
      246.0,      16.78,    17.06,    17.00,    16.22,    16.85
      247.0,      16.76,    17.04,    16.99,    16.19,    16.83
      248.0,      16.74,    17.02,    16.97,    16.17,    16.81
      249.0,      16.72,    17.00,    16.95,    16.14,    16.80
      250.0,      16.70,    16.98,    16.94,    16.11,    16.78
      251.0,      16.68,    16.96,    16.92,    16.08,    16.76
      252.0,      16.66,    16.94,    16.90,    16.05,    16.75
      253.0,      16.64,    16.92,    16.88,    16.02,    16.73
      254.0,      16.62,    16.90,    16.87,    16.00,    16.71
      255.0,      16.60,    16.88,    16.85,    15.97,    16.69
      256.0,      16.58,    16.86,    16.83,    15.94,    16.68
      257.0,      16.56,    16.84,    16.82,    15.91,    16.66
      258.0,      16.54,    16.82,    16.80,    15.89,    16.64
      259.0,      16.52,    16.80,    16.78,    15.86,    16.63
      260.0,      16.50,    16.78,    16.77,    15.83,    16.61
      261.0,      16.48,    16.76,    16.75,    15.80,    16.59
      262.0,      16.46,    16.74,    16.73,    15.77,    16.58
      263.0,      16.44,    16.73,    16.72,    15.75,    16.56
      264.0,      16.42,    16.71,    16.70,    15.72,    16.54
      265.0,      16.40,    16.69,    16.68,    15.69,    16.53
      266.0,      16.38,    16.67,    16.67,    15.66,    16.51
      267.0,      16.36,    16.65,    16.65,    15.64,    16.50
      268.0,      16.34,    16.63,    16.63,    15.61,    16.48
      269.0,      16.32,    16.61,    16.62,    15.58,    16.46
      270.0,      16.30,    16.59,    16.60,    15.55,    16.45
      271.0,      16.28,    16.57,    16.58,    15.53,    16.43
      272.0,      16.26,    16.55,    16.57,    15.50,    16.41
      273.0,      16.24,    16.53,    16.55,    15.47,    16.40
      274.0,      16.22,    16.51,    16.53,    15.45,    16.38
      275.0,      16.20,    16.50,    16.52,    15.42,    16.36
      276.0,      16.18,    16.48,    16.50,    15.39,    16.35
      277.0,      16.16,    16.46,    16.48,    15.37,    16.33
      278.0,      16.14,    16.44,    16.47,    15.34,    16.31
      279.0,      16.12,    16.42,    16.45,    15.31,    16.30
      280.0,      16.10,    16.40,    16.43,    15.28,    16.28
      281.0,      16.08,    16.38,    16.42,    15.26,    16.27
      282.0,      16.06,    16.36,    16.40,    15.23,    16.25
      283.0,      16.04,    16.34,    16.39,    15.20,    16.23
      284.0,      16.02,    16.33,    16.37,    15.18,    16.22
      285.0,      16.00,    16.31,    16.35,    15.15,    16.20
      286.0,      15.98,    16.29,    16.34,    15.13,    16.18
      287.0,      15.96,    16.27,    16.32,    15.10,    16.17
      288.0,      15.94,    16.25,    16.30,    15.07,    16.15
      289.0,      15.93,    16.23,    16.29,    15.05,    16.14
      290.0,      15.91,    16.21,    16.27,    15.02,    16.12
      291.0,      15.89,    16.19,    16.25,    14.99,    16.10
      292.0,      15.87,    16.18,    16.24,    14.97,    16.09
      293.0,      15.85,    16.16,    16.22,    14.94,    16.07
      294.0,      15.83,    16.14,    16.21,    14.91,    16.06
      295.0,      15.81,    16.12,    16.19,    14.89,    16.04
      296.0,      15.79,    16.10,    16.17,    14.86,    16.02
      297.0,      15.77,    16.08,    16.16,    14.84,    16.01
      298.0,      15.75,    16.06,    16.14,    14.81,    15.99
      299.0,      15.73,    16.05,    16.12,    14.78,    15.98
      300.0,      15.71,    16.03,    16.11,    14.76,    15.96
      301.0,      15.69,    16.01,    16.09,    14.73,    15.94
      302.0,      15.68,    15.99,    16.08,    14.71,    15.93
      303.0,      15.66,    15.97,    16.06,    14.68,    15.91
      304.0,      15.64,    15.95,    16.04,    14.66,    15.90
      305.0,      15.62,    15.94,    16.03,    14.63,    15.88
      306.0,      15.60,    15.92,    16.01,    14.61,    15.86
      307.0,      15.58,    15.90,    16.00,    14.58,    15.85
      308.0,      15.56,    15.88,    15.98,    14.55,    15.83
      309.0,      15.54,    15.86,    15.96,    14.53,    15.82
      310.0,      15.52,    15.84,    15.95,    14.50,    15.80
      311.0,      15.51,    15.83,    15.93,    14.48,    15.78
      312.0,      15.49,    15.81,    15.92,    14.45,    15.77
      313.0,      15.47,    15.79,    15.90,    14.43,    15.75
      314.0,      15.45,    15.77,    15.88,    14.40,    15.74
      315.0,      15.43,    15.75,    15.87,    14.38,    15.72
      316.0,      15.41,    15.74,    15.85,    14.35,    15.71
      317.0,      15.39,    15.72,    15.84,    14.33,    15.69
      318.0,      15.37,    15.70,    15.82,    14.30,    15.67
      319.0,      15.36,    15.68,    15.81,    14.28,    15.66
      320.0,      15.34,    15.66,    15.79,    14.25,    15.64
      321.0,      15.32,    15.65,    15.77,    14.23,    15.63
      322.0,      15.30,    15.63,    15.76,    14.20,    15.61
      323.0,      15.28,    15.61,    15.74,    14.18,    15.60
      324.0,      15.26,    15.59,    15.73,    14.15,    15.58
      325.0,      15.24,    15.57,    15.71,    14.13,    15.57
      326.0,      15.23,    15.56,    15.70,    14.10,    15.55
      327.0,      15.21,    15.54,    15.68,    14.08,    15.53
      328.0,      15.19,    15.52,    15.66,    14.05,    15.52
      329.0,      15.17,    15.50,    15.65,    14.03,    15.50
      330.0,      15.15,    15.48,    15.63,    14.00,    15.49
      331.0,      15.13,    15.47,    15.62,    13.98,    15.47
      332.0,      15.12,    15.45,    15.60,    13.96,    15.46
      333.0,      15.10,    15.43,    15.59,    13.93,    15.44
      334.0,      15.08,    15.41,    15.57,    13.91,    15.43
      335.0,      15.06,    15.40,    15.55,    13.88,    15.41
      336.0,      15.04,    15.38,    15.54,    13.86,    15.39
      337.0,      15.02,    15.36,    15.52,    13.83,    15.38
      338.0,      15.01,    15.34,    15.51,    13.81,    15.36
      339.0,      14.99,    15.32,    15.49,    13.79,    15.35
      340.0,      14.97,    15.31,    15.48,    13.76,    15.33
      341.0,      14.95,    15.29,    15.46,    13.74,    15.32
      342.0,      14.93,    15.27,    15.45,    13.71,    15.30
      343.0,      14.92,    15.25,    15.43,    13.69,    15.29
      344.0,      14.90,    15.24,    15.42,    13.67,    15.27
      345.0,      14.88,    15.22,    15.40,    13.64,    15.26
      346.0,      14.86,    15.20,    15.38,    13.62,    15.24
      347.0,      14.84,    15.18,    15.37,    13.59,    15.23
      348.0,      14.83,    15.17,    15.35,    13.57,    15.21
      349.0,      14.81,    15.15,    15.34,    13.55,    15.20
      350.0,      14.79,    15.13,    15.32,    13.52,    15.18
      351.0,      14.77,    15.11,    15.31,    13.50,    15.17
      352.0,      14.75,    15.10,    15.29,    13.48,    15.15
      353.0,      14.74,    15.08,    15.28,    13.45,    15.14
      354.0,      14.72,    15.06,    15.26,    13.43,    15.12
      355.0,      14.70,    15.05,    15.25,    13.41,    15.11
      356.0,      14.68,    15.03,    15.23,    13.38,    15.09
      357.0,      14.66,    15.01,    15.22,    13.36,    15.07
      358.0,      14.65,    14.99,    15.20,    13.34,    15.06
      359.0,      14.63,    14.98,    15.19,    13.31,    15.04
      360.0,      14.61,    14.96,    15.17,    13.29,    15.03
      361.0,      14.59,    14.94,    15.16,    13.27,    15.01
      362.0,      14.58,    14.92,    15.14,    13.24,    15.00
      363.0,      14.56,    14.91,    15.13,    13.22,    14.98
      364.0,      14.54,    14.89,    15.11,    13.20,    14.97
      365.0,      14.52,    14.87,    15.09,    13.17,    14.95
      366.0,      14.51,    14.86,    15.08,    13.15,    14.94
      367.0,      14.49,    14.84,    15.06,    13.13,    14.92
      368.0,      14.47,    14.82,    15.05,    13.10,    14.91
      369.0,      14.45,    14.80,    15.03,    13.08,    14.90
      370.0,      14.44,    14.79,    15.02,    13.06,    14.88
      371.0,      14.42,    14.77,    15.00,    13.04,    14.87
      372.0,      14.40,    14.75,    14.99,    13.01,    14.85
      373.0,      14.38,    14.74,    14.97,    12.99,    14.84
      374.0,      14.37,    14.72,    14.96,    12.97,    14.82
      375.0,      14.35,    14.70,    14.94,    12.94,    14.81
      376.0,      14.33,    14.69,    14.93,    12.92,    14.79
      377.0,      14.31,    14.67,    14.91,    12.90,    14.78
      378.0,      14.30,    14.65,    14.90,    12.88,    14.76
      379.0,      14.28,    14.64,    14.88,    12.85,    14.75
      380.0,      14.26,    14.62,    14.87,    12.83,    14.73
      381.0,      14.25,    14.60,    14.86,    12.81,    14.72
      382.0,      14.23,    14.59,    14.84,    12.79,    14.70
      383.0,      14.21,    14.57,    14.83,    12.76,    14.69
      384.0,      14.19,    14.55,    14.81,    12.74,    14.67
      385.0,      14.18,    14.53,    14.80,    12.72,    14.66
      386.0,      14.16,    14.52,    14.78,    12.70,    14.64
      387.0,      14.14,    14.50,    14.77,    12.68,    14.63
      388.0,      14.13,    14.48,    14.75,    12.65,    14.61
      389.0,      14.11,    14.47,    14.74,    12.63,    14.60
      390.0,      14.09,    14.45,    14.72,    12.61,    14.59
      391.0,      14.08,    14.43,    14.71,    12.59,    14.57
      392.0,      14.06,    14.42,    14.69,    12.57,    14.56
      393.0,      14.04,    14.40,    14.68,    12.54,    14.54
      394.0,      14.02,    14.39,    14.66,    12.52,    14.53
      395.0,      14.01,    14.37,    14.65,    12.50,    14.51
      396.0,      13.99,    14.35,    14.63,    12.48,    14.50
      397.0,      13.97,    14.34,    14.62,    12.46,    14.48
      398.0,      13.96,    14.32,    14.60,    12.43,    14.47
      399.0,      13.94,    14.30,    14.59,    12.41,    14.45
      400.0,      13.92,    14.29,    14.58,    12.39,    14.44
