Radius (km), Mean (m/s), NE (m/s), SE (m/s), SW (m/s), NW (m/s)
        0.0,      16.54,    17.57,    16.49,    13.81,    18.30
        1.0,      24.22,    25.42,    23.97,    21.37,    26.12
        2.0,      30.48,    31.97,    29.88,    27.48,    32.61
        3.0,      35.48,    37.22,    34.52,    32.42,    37.77
        4.0,      39.20,    41.13,    37.90,    36.18,    41.57
        5.0,      41.67,    43.73,    40.11,    38.80,    44.06
        6.0,      43.06,    45.17,    41.29,    40.38,    45.39
        7.0,      43.56,    45.66,    41.67,    41.11,    45.79
        8.0,      43.42,    45.47,    41.47,    41.20,    45.53
        9.0,      42.88,    44.86,    40.92,    40.87,    44.87
       10.0,      42.14,    44.03,    40.20,    40.32,    44.00
       11.0,      41.34,    43.14,    39.44,    39.70,    43.09
       12.0,      40.56,    42.27,    38.70,    39.07,    42.20
       13.0,      39.82,    41.45,    38.00,    38.48,    41.36
       14.0,      39.12,    40.67,    37.34,    37.92,    40.56
       15.0,      38.45,    39.92,    36.69,    37.38,    39.79
       16.0,      37.79,    39.19,    36.08,    36.86,    39.05
       17.0,      37.17,    38.50,    35.48,    36.36,    38.34
       18.0,      36.57,    37.83,    34.91,    35.87,    37.65
       19.0,      35.98,    37.18,    34.36,    35.40,    36.99
       20.0,      35.42,    36.57,    33.83,    34.95,    36.35
       21.0,      34.89,    35.97,    33.32,    34.51,    35.74
       22.0,      34.37,    35.39,    32.83,    34.09,    35.16
       23.0,      33.87,    34.84,    32.36,    33.68,    34.59
       24.0,      33.38,    34.31,    31.90,    33.28,    34.05
       25.0,      32.92,    33.80,    31.47,    32.90,    33.52
       26.0,      32.47,    33.31,    31.04,    32.53,    33.02
       27.0,      32.04,    32.83,    30.64,    32.17,    32.53
       28.0,      31.63,    32.38,    30.25,    31.82,    32.07
       29.0,      31.23,    31.94,    29.87,    31.48,    31.62
       30.0,      30.84,    31.51,    29.51,    31.16,    31.18
       31.0,      30.47,    31.10,    29.16,    30.84,    30.77
       32.0,      30.11,    30.71,    28.83,    30.54,    30.37
       33.0,      29.77,    30.33,    28.50,    30.24,    29.98
       34.0,      29.43,    29.97,    28.19,    29.96,    29.61
       35.0,      29.11,    29.62,    27.89,    29.68,    29.25
       36.0,      28.80,    29.28,    27.60,    29.41,    28.91
       37.0,      28.50,    28.95,    27.32,    29.16,    28.58
       38.0,      28.21,    28.64,    27.05,    28.90,    28.26
       39.0,      27.94,    28.34,    26.80,    28.66,    27.95
       40.0,      27.67,    28.04,    26.55,    28.42,    27.65
       41.0,      27.41,    27.76,    26.31,    28.20,    27.37
       42.0,      27.16,    27.49,    26.07,    27.97,    27.09
       43.0,      26.92,    27.23,    25.85,    27.76,    26.82
       44.0,      26.68,    26.98,    25.63,    27.55,    26.57
       45.0,      26.46,    26.73,    25.43,    27.35,    26.32
       46.0,      26.24,    26.50,    25.23,    27.15,    26.08
       47.0,      26.03,    26.27,    25.03,    26.96,    25.86
       48.0,      25.83,    26.06,    24.84,    26.78,    25.63
       49.0,      25.63,    25.84,    24.66,    26.60,    25.42
       50.0,      25.44,    25.64,    24.49,    26.42,    25.22
       51.0,      25.26,    25.44,    24.32,    26.25,    25.02
       52.0,      25.08,    25.25,    24.16,    26.09,    24.83
       53.0,      24.91,    25.07,    24.00,    25.93,    24.64
       54.0,      24.75,    24.89,    23.85,    25.77,    24.46
       55.0,      24.59,    24.72,    23.71,    25.62,    24.29
       56.0,      24.43,    24.56,    23.56,    25.47,    24.13
       57.0,      24.28,    24.40,    23.43,    25.33,    23.97
       58.0,      24.14,    24.24,    23.30,    25.19,    23.81
       59.0,      23.99,    24.09,    23.17,    25.05,    23.66
       60.0,      23.86,    23.95,    23.04,    24.92,    23.52
       61.0,      23.73,    23.81,    22.93,    24.79,    23.38
       62.0,      23.60,    23.68,    22.81,    24.67,    23.24
       63.0,      23.48,    23.55,    22.70,    24.55,    23.11
       64.0,      23.36,    23.42,    22.59,    24.43,    22.99
       65.0,      23.24,    23.30,    22.49,    24.31,    22.86
       66.0,      23.13,    23.18,    22.38,    24.20,    22.75
       67.0,      23.02,    23.06,    22.29,    24.09,    22.63
       68.0,      22.91,    22.95,    22.19,    23.98,    22.52
       69.0,      22.81,    22.84,    22.10,    23.88,    22.42
       70.0,      22.71,    22.74,    22.01,    23.77,    22.31
       71.0,      22.61,    22.64,    21.92,    23.67,    22.21
       72.0,      22.52,    22.54,    21.84,    23.58,    22.12
       73.0,      22.43,    22.45,    21.76,    23.48,    22.02
       74.0,      22.34,    22.35,    21.68,    23.39,    21.93
       75.0,      22.25,    22.26,    21.60,    23.30,    21.84
       76.0,      22.17,    22.18,    21.53,    23.21,    21.76
       77.0,      22.08,    22.09,    21.45,    23.12,    21.67
       78.0,      22.00,    22.01,    21.38,    23.03,    21.59
       79.0,      21.93,    21.93,    21.31,    22.95,    21.52
       80.0,      21.85,    21.85,    21.25,    22.87,    21.44
       81.0,      21.78,    21.78,    21.18,    22.79,    21.37
       82.0,      21.71,    21.70,    21.12,    22.71,    21.29
       83.0,      21.64,    21.63,    21.06,    22.63,    21.23
       84.0,      21.57,    21.56,    21.00,    22.56,    21.16
       85.0,      21.50,    21.49,    20.94,    22.48,    21.09
       86.0,      21.44,    21.43,    20.89,    22.41,    21.03
       87.0,      21.37,    21.36,    20.83,    22.34,    20.97
       88.0,      21.31,    21.30,    20.78,    22.27,    20.91
       89.0,      21.25,    21.24,    20.72,    22.20,    20.85
       90.0,      21.19,    21.18,    20.67,    22.13,    20.79
       91.0,      21.14,    21.12,    20.62,    22.07,    20.73
       92.0,      21.08,    21.07,    20.57,    22.00,    20.68
       93.0,      21.02,    21.01,    20.53,    21.94,    20.63
       94.0,      20.97,    20.96,    20.48,    21.87,    20.58
       95.0,      20.92,    20.90,    20.43,    21.81,    20.53
       96.0,      20.87,    20.85,    20.39,    21.75,    20.48
       97.0,      20.82,    20.80,    20.35,    21.69,    20.43
       98.0,      20.77,    20.75,    20.30,    21.63,    20.38
       99.0,      20.72,    20.70,    20.26,    21.57,    20.34
      100.0,      20.67,    20.66,    20.22,    21.51,    20.29
      101.0,      20.62,    20.61,    20.18,    21.46,    20.25
      102.0,      20.58,    20.56,    20.14,    21.40,    20.20
      103.0,      20.53,    20.52,    20.10,    21.35,    20.16
      104.0,      20.49,    20.47,    20.07,    21.29,    20.12
      105.0,      20.45,    20.43,    20.03,    21.24,    20.08
      106.0,      20.40,    20.39,    19.99,    21.19,    20.04
      107.0,      20.36,    20.35,    19.96,    21.13,    20.00
      108.0,      20.32,    20.31,    19.92,    21.08,    19.97
      109.0,      20.28,    20.27,    19.89,    21.03,    19.93
      110.0,      20.24,    20.23,    19.86,    20.98,    19.89
      111.0,      20.20,    20.19,    19.82,    20.93,    19.86
      112.0,      20.16,    20.15,    19.79,    20.88,    19.82
      113.0,      20.12,    20.12,    19.76,    20.83,    19.79
      114.0,      20.09,    20.08,    19.73,    20.78,    19.75
      115.0,      20.05,    20.04,    19.70,    20.74,    19.72
      116.0,      20.01,    20.01,    19.66,    20.69,    19.69
      117.0,      19.98,    19.97,    19.63,    20.64,    19.66
      118.0,      19.94,    19.94,    19.60,    20.60,    19.63
      119.0,      19.91,    19.90,    19.58,    20.55,    19.59
      120.0,      19.87,    19.87,    19.55,    20.51,    19.56
      121.0,      19.84,    19.84,    19.52,    20.46,    19.53
      122.0,      19.80,    19.80,    19.49,    20.42,    19.50
      123.0,      19.77,    19.77,    19.46,    20.37,    19.48
      124.0,      19.74,    19.74,    19.43,    20.33,    19.45
      125.0,      19.70,    19.71,    19.41,    20.28,    19.42
      126.0,      19.67,    19.68,    19.38,    20.24,    19.39
      127.0,      19.64,    19.65,    19.35,    20.20,    19.36
      128.0,      19.61,    19.62,    19.33,    20.16,    19.33
      129.0,      19.58,    19.59,    19.30,    20.12,    19.31
      130.0,      19.55,    19.56,    19.28,    20.07,    19.28
      131.0,      19.52,    19.53,    19.25,    20.03,    19.25
      132.0,      19.49,    19.50,    19.23,    19.99,    19.23
      133.0,      19.46,    19.47,    19.20,    19.95,    19.20
      134.0,      19.43,    19.44,    19.18,    19.91,    19.18
      135.0,      19.40,    19.41,    19.15,    19.87,    19.15
      136.0,      19.37,    19.38,    19.13,    19.83,    19.13
      137.0,      19.34,    19.36,    19.10,    19.79,    19.10
      138.0,      19.31,    19.33,    19.08,    19.75,    19.08
      139.0,      19.28,    19.30,    19.06,    19.71,    19.05
      140.0,      19.25,    19.27,    19.03,    19.67,    19.03
      141.0,      19.22,    19.25,    19.01,    19.63,    19.01
      142.0,      19.20,    19.22,    18.99,    19.60,    18.98
      143.0,      19.17,    19.19,    18.96,    19.56,    18.96
      144.0,      19.14,    19.17,    18.94,    19.52,    18.94
      145.0,      19.11,    19.14,    18.92,    19.48,    18.91
      146.0,      19.09,    19.12,    18.90,    19.44,    18.89
      147.0,      19.06,    19.09,    18.87,    19.41,    18.87
      148.0,      19.03,    19.07,    18.85,    19.37,    18.85
      149.0,      19.01,    19.04,    18.83,    19.33,    18.82
      150.0,      18.98,    19.02,    18.81,    19.30,    18.80
      151.0,      18.95,    18.99,    18.79,    19.26,    18.78
      152.0,      18.93,    18.97,    18.76,    19.22,    18.76
      153.0,      18.90,    18.94,    18.74,    19.19,    18.74
      154.0,      18.88,    18.92,    18.72,    19.15,    18.71
      155.0,      18.85,    18.89,    18.70,    19.11,    18.69
      156.0,      18.82,    18.87,    18.68,    19.08,    18.67
      157.0,      18.80,    18.84,    18.66,    19.04,    18.65
      158.0,      18.77,    18.82,    18.64,    19.01,    18.63
      159.0,      18.75,    18.79,    18.62,    18.97,    18.61
      160.0,      18.72,    18.77,    18.60,    18.94,    18.59
      161.0,      18.70,    18.75,    18.57,    18.90,    18.57
      162.0,      18.67,    18.72,    18.55,    18.87,    18.55
      163.0,      18.65,    18.70,    18.53,    18.83,    18.53
      164.0,      18.62,    18.68,    18.51,    18.80,    18.51
      165.0,      18.60,    18.65,    18.49,    18.76,    18.49
      166.0,      18.57,    18.63,    18.47,    18.73,    18.47
      167.0,      18.55,    18.61,    18.45,    18.69,    18.44
      168.0,      18.53,    18.58,    18.43,    18.66,    18.42
      169.0,      18.50,    18.56,    18.41,    18.63,    18.40
      170.0,      18.48,    18.54,    18.39,    18.59,    18.39
      171.0,      18.45,    18.52,    18.37,    18.56,    18.37
      172.0,      18.43,    18.49,    18.35,    18.52,    18.35
      173.0,      18.40,    18.47,    18.33,    18.49,    18.33
      174.0,      18.38,    18.45,    18.31,    18.46,    18.31
      175.0,      18.36,    18.42,    18.29,    18.42,    18.29
      176.0,      18.33,    18.40,    18.27,    18.39,    18.27
      177.0,      18.31,    18.38,    18.26,    18.36,    18.25
      178.0,      18.29,    18.36,    18.24,    18.32,    18.23
      179.0,      18.26,    18.34,    18.22,    18.29,    18.21
      180.0,      18.24,    18.31,    18.20,    18.26,    18.19
      181.0,      18.22,    18.29,    18.18,    18.22,    18.17
      182.0,      18.19,    18.27,    18.16,    18.19,    18.15
      183.0,      18.17,    18.25,    18.14,    18.16,    18.13
      184.0,      18.15,    18.23,    18.12,    18.13,    18.11
      185.0,      18.12,    18.20,    18.10,    18.09,    18.10
      186.0,      18.10,    18.18,    18.08,    18.06,    18.08
      187.0,      18.08,    18.16,    18.06,    18.03,    18.06
      188.0,      18.05,    18.14,    18.04,    18.00,    18.04
      189.0,      18.03,    18.12,    18.03,    17.97,    18.02
      190.0,      18.01,    18.10,    18.01,    17.93,    18.00
      191.0,      17.99,    18.07,    17.99,    17.90,    17.98
      192.0,      17.96,    18.05,    17.97,    17.87,    17.96
      193.0,      17.94,    18.03,    17.95,    17.84,    17.95
      194.0,      17.92,    18.01,    17.93,    17.81,    17.93
      195.0,      17.90,    17.99,    17.91,    17.77,    17.91
      196.0,      17.87,    17.97,    17.89,    17.74,    17.89
      197.0,      17.85,    17.95,    17.88,    17.71,    17.87
      198.0,      17.83,    17.92,    17.86,    17.68,    17.85
      199.0,      17.81,    17.90,    17.84,    17.65,    17.84
      200.0,      17.78,    17.88,    17.82,    17.62,    17.82
      201.0,      17.76,    17.86,    17.80,    17.59,    17.80
      202.0,      17.74,    17.84,    17.78,    17.55,    17.78
      203.0,      17.72,    17.82,    17.77,    17.52,    17.76
      204.0,      17.70,    17.80,    17.75,    17.49,    17.74
      205.0,      17.67,    17.78,    17.73,    17.46,    17.73
      206.0,      17.65,    17.76,    17.71,    17.43,    17.71
      207.0,      17.63,    17.74,    17.69,    17.40,    17.69
      208.0,      17.61,    17.71,    17.67,    17.37,    17.67
      209.0,      17.59,    17.69,    17.66,    17.34,    17.65
      210.0,      17.56,    17.67,    17.64,    17.31,    17.64
      211.0,      17.54,    17.65,    17.62,    17.28,    17.62
      212.0,      17.52,    17.63,    17.60,    17.25,    17.60
      213.0,      17.50,    17.61,    17.58,    17.22,    17.58
      214.0,      17.48,    17.59,    17.57,    17.19,    17.56
      215.0,      17.45,    17.57,    17.55,    17.16,    17.55
      216.0,      17.43,    17.55,    17.53,    17.13,    17.53
      217.0,      17.41,    17.53,    17.51,    17.10,    17.51
      218.0,      17.39,    17.51,    17.49,    17.07,    17.49
      219.0,      17.37,    17.49,    17.48,    17.04,    17.48
      220.0,      17.35,    17.47,    17.46,    17.01,    17.46
      221.0,      17.33,    17.45,    17.44,    16.98,    17.44
      222.0,      17.30,    17.43,    17.42,    16.95,    17.42
      223.0,      17.28,    17.41,    17.40,    16.92,    17.41
      224.0,      17.26,    17.39,    17.39,    16.89,    17.39
      225.0,      17.24,    17.37,    17.37,    16.86,    17.37
      226.0,      17.22,    17.35,    17.35,    16.83,    17.35
      227.0,      17.20,    17.33,    17.33,    16.80,    17.34
      228.0,      17.18,    17.31,    17.32,    16.77,    17.32
      229.0,      17.16,    17.29,    17.30,    16.74,    17.30
      230.0,      17.13,    17.27,    17.28,    16.71,    17.28
      231.0,      17.11,    17.25,    17.26,    16.68,    17.27
      232.0,      17.09,    17.23,    17.24,    16.65,    17.25
      233.0,      17.07,    17.21,    17.23,    16.62,    17.23
      234.0,      17.05,    17.19,    17.21,    16.59,    17.21
      235.0,      17.03,    17.17,    17.19,    16.56,    17.20
      236.0,      17.01,    17.15,    17.17,    16.53,    17.18
      237.0,      16.99,    17.13,    17.16,    16.50,    17.16
      238.0,      16.97,    17.11,    17.14,    16.48,    17.14
      239.0,      16.95,    17.09,    17.12,    16.45,    17.13
      240.0,      16.92,    17.07,    17.10,    16.42,    17.11
      241.0,      16.90,    17.05,    17.09,    16.39,    17.09
      242.0,      16.88,    17.03,    17.07,    16.36,    17.08
      243.0,      16.86,    17.01,    17.05,    16.33,    17.06
      244.0,      16.84,    16.99,    17.03,    16.30,    17.04
      245.0,      16.82,    16.97,    17.02,    16.27,    17.02
      246.0,      16.80,    16.95,    17.00,    16.25,    17.01
      247.0,      16.78,    16.93,    16.98,    16.22,    16.99
      248.0,      16.76,    16.91,    16.97,    16.19,    16.97
      249.0,      16.74,    16.89,    16.95,    16.16,    16.96
      250.0,      16.72,    16.87,    16.93,    16.13,    16.94
      251.0,      16.70,    16.85,    16.91,    16.10,    16.92
      252.0,      16.68,    16.83,    16.90,    16.08,    16.90
      253.0,      16.66,    16.81,    16.88,    16.05,    16.89
      254.0,      16.64,    16.79,    16.86,    16.02,    16.87
      255.0,      16.62,    16.77,    16.84,    15.99,    16.85
      256.0,      16.60,    16.75,    16.83,    15.96,    16.84
      257.0,      16.57,    16.73,    16.81,    15.94,    16.82
      258.0,      16.55,    16.71,    16.79,    15.91,    16.80
      259.0,      16.53,    16.69,    16.78,    15.88,    16.79
      260.0,      16.51,    16.67,    16.76,    15.85,    16.77
      261.0,      16.49,    16.66,    16.74,    15.83,    16.75
      262.0,      16.47,    16.64,    16.73,    15.80,    16.74
      263.0,      16.45,    16.62,    16.71,    15.77,    16.72
      264.0,      16.43,    16.60,    16.69,    15.74,    16.70
      265.0,      16.41,    16.58,    16.67,    15.71,    16.69
      266.0,      16.39,    16.56,    16.66,    15.69,    16.67
      267.0,      16.37,    16.54,    16.64,    15.66,    16.65
      268.0,      16.35,    16.52,    16.62,    15.63,    16.64
      269.0,      16.33,    16.50,    16.61,    15.61,    16.62
      270.0,      16.31,    16.48,    16.59,    15.58,    16.60
      271.0,      16.29,    16.46,    16.57,    15.55,    16.59
      272.0,      16.27,    16.44,    16.56,    15.52,    16.57
      273.0,      16.25,    16.43,    16.54,    15.50,    16.55
      274.0,      16.23,    16.41,    16.52,    15.47,    16.54
      275.0,      16.21,    16.39,    16.51,    15.44,    16.52
      276.0,      16.19,    16.37,    16.49,    15.42,    16.50
      277.0,      16.17,    16.35,    16.47,    15.39,    16.49
      278.0,      16.15,    16.33,    16.46,    15.36,    16.47
      279.0,      16.13,    16.31,    16.44,    15.33,    16.45
      280.0,      16.11,    16.29,    16.42,    15.31,    16.44
      281.0,      16.10,    16.27,    16.41,    15.28,    16.42
      282.0,      16.08,    16.26,    16.39,    15.25,    16.40
      283.0,      16.06,    16.24,    16.37,    15.23,    16.39
      284.0,      16.04,    16.22,    16.36,    15.20,    16.37
      285.0,      16.02,    16.20,    16.34,    15.17,    16.36
      286.0,      16.00,    16.18,    16.32,    15.15,    16.34
      287.0,      15.98,    16.16,    16.31,    15.12,    16.32
      288.0,      15.96,    16.14,    16.29,    15.10,    16.31
      289.0,      15.94,    16.12,    16.27,    15.07,    16.29
      290.0,      15.92,    16.11,    16.26,    15.04,    16.27
      291.0,      15.90,    16.09,    16.24,    15.02,    16.26
      292.0,      15.88,    16.07,    16.22,    14.99,    16.24
      293.0,      15.86,    16.05,    16.21,    14.96,    16.22
      294.0,      15.84,    16.03,    16.19,    14.94,    16.21
      295.0,      15.82,    16.01,    16.17,    14.91,    16.19
      296.0,      15.80,    15.99,    16.16,    14.89,    16.18
      297.0,      15.78,    15.98,    16.14,    14.86,    16.16
      298.0,      15.76,    15.96,    16.12,    14.83,    16.14
      299.0,      15.75,    15.94,    16.11,    14.81,    16.13
      300.0,      15.73,    15.92,    16.09,    14.78,    16.11
      301.0,      15.71,    15.90,    16.08,    14.76,    16.10
      302.0,      15.69,    15.88,    16.06,    14.73,    16.08
      303.0,      15.67,    15.86,    16.04,    14.70,    16.06
      304.0,      15.65,    15.85,    16.03,    14.68,    16.05
      305.0,      15.63,    15.83,    16.01,    14.65,    16.03
      306.0,      15.61,    15.81,    15.99,    14.63,    16.01
      307.0,      15.59,    15.79,    15.98,    14.60,    16.00
      308.0,      15.57,    15.77,    15.96,    14.58,    15.98
      309.0,      15.55,    15.76,    15.95,    14.55,    15.97
      310.0,      15.54,    15.74,    15.93,    14.53,    15.95
      311.0,      15.52,    15.72,    15.91,    14.50,    15.94
      312.0,      15.50,    15.70,    15.90,    14.47,    15.92
      313.0,      15.48,    15.68,    15.88,    14.45,    15.90
      314.0,      15.46,    15.66,    15.86,    14.42,    15.89
      315.0,      15.44,    15.65,    15.85,    14.40,    15.87
      316.0,      15.42,    15.63,    15.83,    14.37,    15.86
      317.0,      15.40,    15.61,    15.82,    14.35,    15.84
      318.0,      15.39,    15.59,    15.80,    14.32,    15.82
      319.0,      15.37,    15.57,    15.78,    14.30,    15.81
      320.0,      15.35,    15.56,    15.77,    14.27,    15.79
      321.0,      15.33,    15.54,    15.75,    14.25,    15.78
      322.0,      15.31,    15.52,    15.74,    14.22,    15.76
      323.0,      15.29,    15.50,    15.72,    14.20,    15.74
      324.0,      15.27,    15.48,    15.70,    14.17,    15.73
      325.0,      15.25,    15.47,    15.69,    14.15,    15.71
      326.0,      15.24,    15.45,    15.67,    14.12,    15.70
      327.0,      15.22,    15.43,    15.66,    14.10,    15.68
      328.0,      15.20,    15.41,    15.64,    14.08,    15.67
      329.0,      15.18,    15.40,    15.62,    14.05,    15.65
      330.0,      15.16,    15.38,    15.61,    14.03,    15.64
      331.0,      15.14,    15.36,    15.59,    14.00,    15.62
      332.0,      15.13,    15.34,    15.58,    13.98,    15.60
      333.0,      15.11,    15.32,    15.56,    13.95,    15.59
      334.0,      15.09,    15.31,    15.55,    13.93,    15.57
      335.0,      15.07,    15.29,    15.53,    13.90,    15.56
      336.0,      15.05,    15.27,    15.51,    13.88,    15.54
      337.0,      15.03,    15.25,    15.50,    13.86,    15.53
      338.0,      15.02,    15.24,    15.48,    13.83,    15.51
      339.0,      15.00,    15.22,    15.47,    13.81,    15.49
      340.0,      14.98,    15.20,    15.45,    13.78,    15.48
      341.0,      14.96,    15.18,    15.44,    13.76,    15.46
      342.0,      14.94,    15.17,    15.42,    13.74,    15.45
      343.0,      14.92,    15.15,    15.40,    13.71,    15.43
      344.0,      14.91,    15.13,    15.39,    13.69,    15.42
      345.0,      14.89,    15.11,    15.37,    13.66,    15.40
      346.0,      14.87,    15.10,    15.36,    13.64,    15.39
      347.0,      14.85,    15.08,    15.34,    13.62,    15.37
      348.0,      14.83,    15.06,    15.33,    13.59,    15.36
      349.0,      14.82,    15.04,    15.31,    13.57,    15.34
      350.0,      14.80,    15.03,    15.30,    13.54,    15.33
      351.0,      14.78,    15.01,    15.28,    13.52,    15.31
      352.0,      14.76,    14.99,    15.26,    13.50,    15.29
      353.0,      14.74,    14.97,    15.25,    13.47,    15.28
      354.0,      14.73,    14.96,    15.23,    13.45,    15.26
      355.0,      14.71,    14.94,    15.22,    13.43,    15.25
      356.0,      14.69,    14.92,    15.20,    13.40,    15.23
      357.0,      14.67,    14.90,    15.19,    13.38,    15.22
      358.0,      14.65,    14.89,    15.17,    13.36,    15.20
      359.0,      14.64,    14.87,    15.16,    13.33,    15.19
      360.0,      14.62,    14.85,    15.14,    13.31,    15.17
      361.0,      14.60,    14.84,    15.13,    13.29,    15.16
      362.0,      14.58,    14.82,    15.11,    13.26,    15.14
      363.0,      14.57,    14.80,    15.09,    13.24,    15.13
      364.0,      14.55,    14.78,    15.08,    13.22,    15.11
      365.0,      14.53,    14.77,    15.06,    13.19,    15.10
      366.0,      14.51,    14.75,    15.05,    13.17,    15.08
      367.0,      14.50,    14.73,    15.03,    13.15,    15.07
      368.0,      14.48,    14.72,    15.02,    13.13,    15.05
      369.0,      14.46,    14.70,    15.00,    13.10,    15.04
      370.0,      14.44,    14.68,    14.99,    13.08,    15.02
      371.0,      14.43,    14.67,    14.97,    13.06,    15.01
      372.0,      14.41,    14.65,    14.96,    13.03,    14.99
      373.0,      14.39,    14.63,    14.94,    13.01,    14.98
      374.0,      14.37,    14.61,    14.93,    12.99,    14.96
      375.0,      14.36,    14.60,    14.91,    12.97,    14.95
      376.0,      14.34,    14.58,    14.90,    12.94,    14.93
      377.0,      14.32,    14.56,    14.88,    12.92,    14.92
      378.0,      14.30,    14.55,    14.87,    12.90,    14.90
      379.0,      14.29,    14.53,    14.85,    12.88,    14.89
      380.0,      14.27,    14.51,    14.84,    12.85,    14.87
      381.0,      14.25,    14.50,    14.82,    12.83,    14.86
      382.0,      14.23,    14.48,    14.81,    12.81,    14.84
      383.0,      14.22,    14.46,    14.79,    12.79,    14.83
      384.0,      14.20,    14.45,    14.78,    12.76,    14.81
      385.0,      14.18,    14.43,    14.76,    12.74,    14.80
      386.0,      14.17,    14.41,    14.75,    12.72,    14.78
      387.0,      14.15,    14.40,    14.73,    12.70,    14.77
      388.0,      14.13,    14.38,    14.72,    12.67,    14.75
      389.0,      14.11,    14.36,    14.70,    12.65,    14.74
      390.0,      14.10,    14.35,    14.69,    12.63,    14.72
      391.0,      14.08,    14.33,    14.67,    12.61,    14.71
      392.0,      14.06,    14.31,    14.66,    12.59,    14.70
      393.0,      14.05,    14.30,    14.64,    12.56,    14.68
      394.0,      14.03,    14.28,    14.63,    12.54,    14.67
      395.0,      14.01,    14.26,    14.61,    12.52,    14.65
      396.0,      13.99,    14.25,    14.60,    12.50,    14.64
      397.0,      13.98,    14.23,    14.58,    12.48,    14.62
      398.0,      13.96,    14.21,    14.57,    12.45,    14.61
      399.0,      13.94,    14.20,    14.55,    12.43,    14.59
      400.0,      13.93,    14.18,    14.54,    12.41,    14.58
