Radius (km), Mean (m/s), NE (m/s), SE (m/s), SW (m/s), NW (m/s)
        0.0,       0.00,     0.00,     0.00,     0.00,     0.00
        1.0,       1.63,     1.36,     1.67,     1.67,     1.83
        2.0,       3.34,     2.96,     3.39,     3.39,     3.60
        3.0,       5.08,     4.68,     5.14,     5.14,     5.35
        4.0,       6.84,     6.47,     6.90,     6.90,     7.08
        5.0,       8.62,     8.31,     8.68,     8.68,     8.80
        6.0,      10.41,    10.21,    10.46,    10.46,    10.51
        7.0,      12.22,    12.14,    12.25,    12.25,    12.22
        8.0,      14.03,    14.12,    14.05,    14.05,    13.92
        9.0,      15.86,    16.12,    15.85,    15.85,    15.62
       10.0,      17.69,    18.15,    17.66,    17.66,    17.31
       11.0,      19.54,    20.20,    19.48,    19.48,    18.99
       12.0,      21.40,    22.31,    21.31,    21.30,    20.67
       13.0,      23.31,    24.52,    23.20,    23.13,    22.38
       14.0,      25.34,    26.94,    25.21,    25.05,    24.14
       15.0,      27.56,    29.67,    27.42,    27.11,    26.04
       16.0,      30.04,    32.77,    29.85,    29.41,    28.12
       17.0,      32.78,    36.22,    32.51,    31.97,    30.41
       18.0,      35.74,    39.95,    35.33,    34.79,    32.88
       19.0,      38.81,    43.78,    38.22,    37.78,    35.47
       20.0,      41.86,    47.52,    41.06,    40.80,    38.06
       21.0,      44.71,    50.95,    43.69,    43.69,    40.52
       22.0,      47.21,    53.86,    45.99,    46.26,    42.72
       23.0,      49.22,    56.12,    47.86,    48.37,    44.53
       24.0,      50.66,    57.63,    49.23,    49.90,    45.89
       25.0,      51.52,    58.39,    50.10,    50.81,    46.76
       26.0,      51.81,    58.48,    50.52,    51.11,    47.15
       27.0,      51.63,    58.00,    50.55,    50.86,    47.13
       28.0,      51.10,    57.12,    50.29,    50.19,    46.78
       29.0,      50.33,    56.01,    49.86,    49.23,    46.21
       30.0,      49.44,    54.79,    49.34,    48.11,    45.53
       31.0,      48.54,    53.57,    48.81,    46.95,    44.81
       32.0,      47.66,    52.41,    48.29,    45.83,    44.11
       33.0,      46.83,    51.32,    47.79,    44.77,    43.45
       34.0,      46.05,    50.27,    47.32,    43.79,    42.83
       35.0,      45.30,    49.27,    46.85,    42.85,    42.24
       36.0,      44.58,    48.30,    46.40,    41.96,    41.66
       37.0,      43.87,    47.37,    45.94,    41.10,    41.09
       38.0,      43.19,    46.46,    45.50,    40.27,    40.54
       39.0,      42.53,    45.59,    45.06,    39.46,    40.00
       40.0,      41.88,    44.74,    44.63,    38.69,    39.47
       41.0,      41.26,    43.92,    44.20,    37.94,    38.96
       42.0,      40.65,    43.13,    43.78,    37.22,    38.46
       43.0,      40.06,    42.37,    43.37,    36.52,    37.97
       44.0,      39.48,    41.63,    42.96,    35.85,    37.49
       45.0,      38.93,    40.91,    42.56,    35.21,    37.03
       46.0,      38.38,    40.22,    42.16,    34.58,    36.57
       47.0,      37.86,    39.56,    41.77,    33.98,    36.13
       48.0,      37.35,    38.91,    41.38,    33.39,    35.69
       49.0,      36.85,    38.29,    41.00,    32.83,    35.27
       50.0,      36.36,    37.68,    40.63,    32.29,    34.86
       51.0,      35.89,    37.10,    40.26,    31.76,    34.45
       52.0,      35.44,    36.53,    39.90,    31.25,    34.06
       53.0,      34.99,    35.99,    39.54,    30.76,    33.67
       54.0,      34.56,    35.46,    39.19,    30.29,    33.30
       55.0,      34.14,    34.95,    38.84,    29.83,    32.93
       56.0,      33.73,    34.45,    38.49,    29.39,    32.57
       57.0,      33.33,    33.97,    38.15,    28.96,    32.22
       58.0,      32.94,    33.51,    37.82,    28.55,    31.88
       59.0,      32.56,    33.06,    37.49,    28.15,    31.54
       60.0,      32.19,    32.63,    37.17,    27.76,    31.21
       61.0,      31.83,    32.21,    36.85,    27.39,    30.89
       62.0,      31.49,    31.80,    36.53,    27.03,    30.58
       63.0,      31.15,    31.41,    36.22,    26.68,    30.28
       64.0,      30.81,    31.03,    35.91,    26.34,    29.98
       65.0,      30.49,    30.66,    35.61,    26.01,    29.69
       66.0,      30.18,    30.30,    35.31,    25.70,    29.40
       67.0,      29.87,    29.95,    35.02,    25.39,    29.12
       68.0,      29.57,    29.62,    34.73,    25.10,    28.85
       69.0,      29.28,    29.29,    34.44,    24.81,    28.58
       70.0,      29.00,    28.98,    34.16,    24.53,    28.32
       71.0,      28.72,    28.68,    33.88,    24.26,    28.06
       72.0,      28.45,    28.38,    33.61,    24.00,    27.81
       73.0,      28.19,    28.09,    33.34,    23.75,    27.57
       74.0,      27.93,    27.82,    33.07,    23.50,    27.33
       75.0,      27.68,    27.55,    32.81,    23.26,    27.09
       76.0,      27.44,    27.29,    32.55,    23.03,    26.87
       77.0,      27.20,    27.04,    32.30,    22.81,    26.64
       78.0,      26.96,    26.79,    32.04,    22.59,    26.42
       79.0,      26.74,    26.56,    31.80,    22.38,    26.21
       80.0,      26.51,    26.33,    31.55,    22.18,    26.00
       81.0,      26.30,    26.10,    31.31,    21.98,    25.79
       82.0,      26.08,    25.89,    31.07,    21.79,    25.59
       83.0,      25.88,    25.68,    30.84,    21.60,    25.39
       84.0,      25.67,    25.47,    30.60,    21.42,    25.20
       85.0,      25.48,    25.27,    30.38,    21.25,    25.01
       86.0,      25.28,    25.08,    30.15,    21.08,    24.82
       87.0,      25.09,    24.90,    29.93,    20.91,    24.64
       88.0,      24.91,    24.72,    29.71,    20.75,    24.46
       89.0,      24.73,    24.54,    29.49,    20.59,    24.28
       90.0,      24.55,    24.37,    29.28,    20.44,    24.11
       91.0,      24.38,    24.20,    29.07,    20.29,    23.94
       92.0,      24.21,    24.04,    28.86,    20.14,    23.78
       93.0,      24.04,    23.89,    28.66,    20.00,    23.62
       94.0,      23.88,    23.73,    28.45,    19.86,    23.46
       95.0,      23.72,    23.59,    28.25,    19.73,    23.30
       96.0,      23.56,    23.44,    28.06,    19.60,    23.15
       97.0,      23.41,    23.30,    27.86,    19.47,    23.00
       98.0,      23.26,    23.17,    27.67,    19.35,    22.85
       99.0,      23.11,    23.03,    27.48,    19.23,    22.71
      100.0,      22.97,    22.91,    27.30,    19.11,    22.57
      101.0,      22.83,    22.78,    27.11,    19.00,    22.43
      102.0,      22.69,    22.66,    26.93,    18.88,    22.29
      103.0,      22.56,    22.54,    26.75,    18.77,    22.16
      104.0,      22.42,    22.42,    26.58,    18.67,    22.02
      105.0,      22.29,    22.31,    26.40,    18.56,    21.89
      106.0,      22.17,    22.20,    26.23,    18.46,    21.77
      107.0,      22.04,    22.10,    26.06,    18.36,    21.64
      108.0,      21.92,    21.99,    25.90,    18.26,    21.52
      109.0,      21.80,    21.89,    25.73,    18.17,    21.40
      110.0,      21.68,    21.79,    25.57,    18.07,    21.28
      111.0,      21.56,    21.69,    25.41,    17.98,    21.16
      112.0,      21.45,    21.60,    25.25,    17.89,    21.05
      113.0,      21.34,    21.51,    25.09,    17.80,    20.94
      114.0,      21.22,    21.42,    24.94,    17.72,    20.83
      115.0,      21.12,    21.33,    24.78,    17.63,    20.72
      116.0,      21.01,    21.24,    24.63,    17.55,    20.61
      117.0,      20.91,    21.16,    24.49,    17.47,    20.50
      118.0,      20.80,    21.08,    24.34,    17.39,    20.40
      119.0,      20.70,    21.00,    24.20,    17.31,    20.30
      120.0,      20.60,    20.92,    24.05,    17.24,    20.20
      121.0,      20.50,    20.84,    23.91,    17.16,    20.10
      122.0,      20.41,    20.77,    23.77,    17.09,    20.00
      123.0,      20.31,    20.69,    23.64,    17.01,    19.91
      124.0,      20.22,    20.62,    23.50,    16.94,    19.81
      125.0,      20.13,    20.55,    23.37,    16.87,    19.72
      126.0,      20.04,    20.48,    23.23,    16.80,    19.63
      127.0,      19.95,    20.42,    23.10,    16.74,    19.54
      128.0,      19.86,    20.35,    22.97,    16.67,    19.45
      129.0,      19.77,    20.29,    22.85,    16.60,    19.36
      130.0,      19.69,    20.22,    22.72,    16.54,    19.27
      131.0,      19.61,    20.16,    22.60,    16.48,    19.19
      132.0,      19.52,    20.10,    22.48,    16.41,    19.10
      133.0,      19.44,    20.04,    22.36,    16.35,    19.02
      134.0,      19.36,    19.98,    22.24,    16.29,    18.94
      135.0,      19.28,    19.92,    22.12,    16.23,    18.86
      136.0,      19.20,    19.87,    22.00,    16.17,    18.78
      137.0,      19.13,    19.81,    21.89,    16.11,    18.70
      138.0,      19.05,    19.76,    21.77,    16.05,    18.62
      139.0,      18.98,    19.70,    21.66,    16.00,    18.54
      140.0,      18.90,    19.65,    21.55,    15.94,    18.47
      141.0,      18.83,    19.60,    21.44,    15.89,    18.39
      142.0,      18.76,    19.55,    21.34,    15.83,    18.32
      143.0,      18.69,    19.50,    21.23,    15.78,    18.25
      144.0,      18.62,    19.45,    21.12,    15.72,    18.17
      145.0,      18.55,    19.40,    21.02,    15.67,    18.10
      146.0,      18.48,    19.35,    20.92,    15.62,    18.03
      147.0,      18.41,    19.30,    20.82,    15.57,    17.96
      148.0,      18.34,    19.26,    20.72,    15.51,    17.89
      149.0,      18.28,    19.21,    20.62,    15.46,    17.83
      150.0,      18.21,    19.16,    20.52,    15.41,    17.76
      151.0,      18.15,    19.12,    20.42,    15.36,    17.69
      152.0,      18.09,    19.08,    20.33,    15.31,    17.63
      153.0,      18.02,    19.03,    20.23,    15.27,    17.56
      154.0,      17.96,    18.99,    20.14,    15.22,    17.50
      155.0,      17.90,    18.95,    20.05,    15.17,    17.43
      156.0,      17.84,    18.90,    19.96,    15.12,    17.37
      157.0,      17.78,    18.86,    19.87,    15.08,    17.31
      158.0,      17.72,    18.82,    19.78,    15.03,    17.25
      159.0,      17.66,    18.78,    19.69,    14.98,    17.19
      160.0,      17.60,    18.74,    19.60,    14.94,    17.13
      161.0,      17.54,    18.70,    19.52,    14.89,    17.07
      162.0,      17.49,    18.66,    19.43,    14.85,    17.01
      163.0,      17.43,    18.62,    19.35,    14.80,    16.95
      164.0,      17.38,    18.59,    19.27,    14.76,    16.89
      165.0,      17.32,    18.55,    19.19,    14.71,    16.83
      166.0,      17.27,    18.51,    19.11,    14.67,    16.78
      167.0,      17.21,    18.47,    19.03,    14.63,    16.72
      168.0,      17.16,    18.44,    18.95,    14.58,    16.66
      169.0,      17.10,    18.40,    18.87,    14.54,    16.61
      170.0,      17.05,    18.37,    18.79,    14.50,    16.55
      171.0,      17.00,    18.33,    18.71,    14.46,    16.50
      172.0,      16.95,    18.29,    18.64,    14.41,    16.44
      173.0,      16.90,    18.26,    18.57,    14.37,    16.39
      174.0,      16.85,    18.22,    18.49,    14.33,    16.34
      175.0,      16.80,    18.19,    18.42,    14.29,    16.28
      176.0,      16.75,    18.16,    18.35,    14.25,    16.23
      177.0,      16.70,    18.12,    18.28,    14.21,    16.18
      178.0,      16.65,    18.09,    18.20,    14.17,    16.13
      179.0,      16.60,    18.06,    18.13,    14.13,    16.08
      180.0,      16.55,    18.02,    18.07,    14.09,    16.03
      181.0,      16.50,    17.99,    18.00,    14.05,    15.98
      182.0,      16.46,    17.96,    17.93,    14.01,    15.93
      183.0,      16.41,    17.92,    17.86,    13.97,    15.88
      184.0,      16.36,    17.89,    17.80,    13.93,    15.83
      185.0,      16.32,    17.86,    17.73,    13.89,    15.78
      186.0,      16.27,    17.83,    17.67,    13.85,    15.73
      187.0,      16.23,    17.80,    17.60,    13.82,    15.68
      188.0,      16.18,    17.77,    17.54,    13.78,    15.63
      189.0,      16.14,    17.73,    17.48,    13.74,    15.59
      190.0,      16.09,    17.70,    17.42,    13.70,    15.54
      191.0,      16.05,    17.67,    17.36,    13.66,    15.49
      192.0,      16.00,    17.64,    17.29,    13.63,    15.45
      193.0,      15.96,    17.61,    17.24,    13.59,    15.40
      194.0,      15.92,    17.58,    17.18,    13.55,    15.35
      195.0,      15.87,    17.55,    17.12,    13.52,    15.31
      196.0,      15.83,    17.52,    17.06,    13.48,    15.26
      197.0,      15.79,    17.49,    17.00,    13.44,    15.22
      198.0,      15.75,    17.46,    16.94,    13.41,    15.17
      199.0,      15.71,    17.43,    16.89,    13.37,    15.13
      200.0,      15.66,    17.40,    16.83,    13.33,    15.08
      201.0,      15.62,    17.37,    16.78,    13.30,    15.04
      202.0,      15.58,    17.35,    16.72,    13.26,    15.00
      203.0,      15.54,    17.32,    16.67,    13.23,    14.95
      204.0,      15.50,    17.29,    16.62,    13.19,    14.91
      205.0,      15.46,    17.26,    16.56,    13.15,    14.87
      206.0,      15.42,    17.23,    16.51,    13.12,    14.82
      207.0,      15.38,    17.20,    16.46,    13.08,    14.78
      208.0,      15.34,    17.17,    16.41,    13.05,    14.74
      209.0,      15.30,    17.15,    16.36,    13.01,    14.70
      210.0,      15.26,    17.12,    16.31,    12.98,    14.66
      211.0,      15.23,    17.09,    16.26,    12.94,    14.61
      212.0,      15.19,    17.06,    16.21,    12.91,    14.57
      213.0,      15.15,    17.03,    16.16,    12.88,    14.53
      214.0,      15.11,    17.01,    16.11,    12.84,    14.49
      215.0,      15.07,    16.98,    16.06,    12.81,    14.45
      216.0,      15.04,    16.95,    16.01,    12.77,    14.41
      217.0,      15.00,    16.92,    15.97,    12.74,    14.37
      218.0,      14.96,    16.90,    15.92,    12.71,    14.33
      219.0,      14.93,    16.87,    15.87,    12.67,    14.29
      220.0,      14.89,    16.84,    15.83,    12.64,    14.25
      221.0,      14.85,    16.82,    15.78,    12.60,    14.21
      222.0,      14.82,    16.79,    15.74,    12.57,    14.17
      223.0,      14.78,    16.76,    15.69,    12.54,    14.13
      224.0,      14.75,    16.74,    15.65,    12.51,    14.09
      225.0,      14.71,    16.71,    15.60,    12.47,    14.05
      226.0,      14.67,    16.68,    15.56,    12.44,    14.02
      227.0,      14.64,    16.66,    15.52,    12.41,    13.98
      228.0,      14.60,    16.63,    15.47,    12.37,    13.94
      229.0,      14.57,    16.60,    15.43,    12.34,    13.90
      230.0,      14.53,    16.58,    15.39,    12.31,    13.86
      231.0,      14.50,    16.55,    15.35,    12.28,    13.82
      232.0,      14.47,    16.52,    15.31,    12.24,    13.79
      233.0,      14.43,    16.50,    15.27,    12.21,    13.75
      234.0,      14.40,    16.47,    15.23,    12.18,    13.71
      235.0,      14.36,    16.45,    15.19,    12.15,    13.67
      236.0,      14.33,    16.42,    15.15,    12.12,    13.64
      237.0,      14.30,    16.39,    15.11,    12.08,    13.60
      238.0,      14.26,    16.37,    15.07,    12.05,    13.56
      239.0,      14.23,    16.34,    15.03,    12.02,    13.53
      240.0,      14.20,    16.32,    14.99,    11.99,    13.49
      241.0,      14.16,    16.29,    14.95,    11.96,    13.45
      242.0,      14.13,    16.27,    14.91,    11.93,    13.42
      243.0,      14.10,    16.24,    14.88,    11.90,    13.38
      244.0,      14.07,    16.22,    14.84,    11.86,    13.35
      245.0,      14.03,    16.19,    14.80,    11.83,    13.31
      246.0,      14.00,    16.17,    14.77,    11.80,    13.28
      247.0,      13.97,    16.14,    14.73,    11.77,    13.24
      248.0,      13.94,    16.12,    14.69,    11.74,    13.20
      249.0,      13.91,    16.09,    14.66,    11.71,    13.17
      250.0,      13.88,    16.07,    14.62,    11.68,    13.13
      251.0,      13.84,    16.04,    14.59,    11.65,    13.10
      252.0,      13.81,    16.02,    14.55,    11.62,    13.06
      253.0,      13.78,    15.99,    14.52,    11.59,    13.03
      254.0,      13.75,    15.97,    14.48,    11.56,    13.00
      255.0,      13.72,    15.94,    14.45,    11.53,    12.96
      256.0,      13.69,    15.92,    14.42,    11.50,    12.93
      257.0,      13.66,    15.89,    14.38,    11.47,    12.89
      258.0,      13.63,    15.87,    14.35,    11.44,    12.86
      259.0,      13.60,    15.84,    14.32,    11.41,    12.82
      260.0,      13.57,    15.82,    14.28,    11.38,    12.79
      261.0,      13.54,    15.79,    14.25,    11.35,    12.76
      262.0,      13.51,    15.77,    14.22,    11.32,    12.72
      263.0,      13.48,    15.75,    14.19,    11.29,    12.69
      264.0,      13.45,    15.72,    14.15,    11.26,    12.66
      265.0,      13.42,    15.70,    14.12,    11.23,    12.62
      266.0,      13.39,    15.67,    14.09,    11.20,    12.59
      267.0,      13.36,    15.65,    14.06,    11.17,    12.56
      268.0,      13.33,    15.62,    14.03,    11.14,    12.52
      269.0,      13.30,    15.60,    14.00,    11.11,    12.49
      270.0,      13.27,    15.58,    13.97,    11.09,    12.46
      271.0,      13.24,    15.55,    13.94,    11.06,    12.43
      272.0,      13.21,    15.53,    13.91,    11.03,    12.39
      273.0,      13.19,    15.50,    13.88,    11.00,    12.36
      274.0,      13.16,    15.48,    13.85,    10.97,    12.33
      275.0,      13.13,    15.46,    13.82,    10.94,    12.30
      276.0,      13.10,    15.43,    13.79,    10.91,    12.26
      277.0,      13.07,    15.41,    13.76,    10.88,    12.23
      278.0,      13.04,    15.39,    13.73,    10.86,    12.20
      279.0,      13.01,    15.36,    13.70,    10.83,    12.17
      280.0,      12.99,    15.34,    13.67,    10.80,    12.14
      281.0,      12.96,    15.31,    13.64,    10.77,    12.11
      282.0,      12.93,    15.29,    13.62,    10.74,    12.07
      283.0,      12.90,    15.27,    13.59,    10.72,    12.04
      284.0,      12.88,    15.24,    13.56,    10.69,    12.01
      285.0,      12.85,    15.22,    13.53,    10.66,    11.98
      286.0,      12.82,    15.20,    13.50,    10.63,    11.95
      287.0,      12.79,    15.17,    13.48,    10.61,    11.92
      288.0,      12.77,    15.15,    13.45,    10.58,    11.89
      289.0,      12.74,    15.13,    13.42,    10.55,    11.86
      290.0,      12.71,    15.10,    13.40,    10.52,    11.82
      291.0,      12.68,    15.08,    13.37,    10.50,    11.79
      292.0,      12.66,    15.06,    13.34,    10.47,    11.76
      293.0,      12.63,    15.04,    13.32,    10.44,    11.73
      294.0,      12.60,    15.01,    13.29,    10.41,    11.70
      295.0,      12.58,    14.99,    13.26,    10.39,    11.67
      296.0,      12.55,    14.97,    13.24,    10.36,    11.64
      297.0,      12.53,    14.94,    13.21,    10.33,    11.61
      298.0,      12.50,    14.92,    13.19,    10.31,    11.58
      299.0,      12.47,    14.90,    13.16,    10.28,    11.55
      300.0,      12.45,    14.88,    13.13,    10.25,    11.52
      301.0,      12.42,    14.85,    13.11,    10.23,    11.49
      302.0,      12.39,    14.83,    13.08,    10.20,    11.46
      303.0,      12.37,    14.81,    13.06,    10.17,    11.43
      304.0,      12.34,    14.78,    13.03,    10.15,    11.40
      305.0,      12.32,    14.76,    13.01,    10.12,    11.37
      306.0,      12.29,    14.74,    12.99,    10.09,    11.34
      307.0,      12.27,    14.72,    12.96,    10.07,    11.32
      308.0,      12.24,    14.69,    12.94,    10.04,    11.29
      309.0,      12.21,    14.67,    12.91,    10.02,    11.26
      310.0,      12.19,    14.65,    12.89,     9.99,    11.23
      311.0,      12.16,    14.63,    12.86,     9.96,    11.20
      312.0,      12.14,    14.60,    12.84,     9.94,    11.17
      313.0,      12.11,    14.58,    12.82,     9.91,    11.14
      314.0,      12.09,    14.56,    12.79,     9.89,    11.11
      315.0,      12.06,    14.54,    12.77,     9.86,    11.08
      316.0,      12.04,    14.52,    12.75,     9.83,    11.06
      317.0,      12.01,    14.49,    12.72,     9.81,    11.03
      318.0,      11.99,    14.47,    12.70,     9.78,    11.00
      319.0,      11.96,    14.45,    12.68,     9.76,    10.97
      320.0,      11.94,    14.43,    12.65,     9.73,    10.94
      321.0,      11.91,    14.41,    12.63,     9.71,    10.91
      322.0,      11.89,    14.38,    12.61,     9.68,    10.89
      323.0,      11.87,    14.36,    12.59,     9.66,    10.86
      324.0,      11.84,    14.34,    12.56,     9.63,    10.83
      325.0,      11.82,    14.32,    12.54,     9.61,    10.80
      326.0,      11.79,    14.30,    12.52,     9.58,    10.77
      327.0,      11.77,    14.27,    12.50,     9.56,    10.75
      328.0,      11.74,    14.25,    12.48,     9.53,    10.72
      329.0,      11.72,    14.23,    12.45,     9.51,    10.69
      330.0,      11.70,    14.21,    12.43,     9.48,    10.66
      331.0,      11.67,    14.19,    12.41,     9.46,    10.64
      332.0,      11.65,    14.17,    12.39,     9.43,    10.61
      333.0,      11.63,    14.14,    12.37,     9.41,    10.58
      334.0,      11.60,    14.12,    12.35,     9.39,    10.56
      335.0,      11.58,    14.10,    12.32,     9.36,    10.53
      336.0,      11.55,    14.08,    12.30,     9.34,    10.50
      337.0,      11.53,    14.06,    12.28,     9.31,    10.47
      338.0,      11.51,    14.04,    12.26,     9.29,    10.45
      339.0,      11.48,    14.01,    12.24,     9.26,    10.42
      340.0,      11.46,    13.99,    12.22,     9.24,    10.39
      341.0,      11.44,    13.97,    12.20,     9.22,    10.37
      342.0,      11.42,    13.95,    12.18,     9.19,    10.34
      343.0,      11.39,    13.93,    12.16,     9.17,    10.31
      344.0,      11.37,    13.91,    12.14,     9.14,    10.29
      345.0,      11.35,    13.89,    12.12,     9.12,    10.26
      346.0,      11.32,    13.87,    12.09,     9.10,    10.23
      347.0,      11.30,    13.84,    12.07,     9.07,    10.21
      348.0,      11.28,    13.82,    12.05,     9.05,    10.18
      349.0,      11.25,    13.80,    12.03,     9.03,    10.16
      350.0,      11.23,    13.78,    12.01,     9.00,    10.13
      351.0,      11.21,    13.76,    11.99,     8.98,    10.10
      352.0,      11.19,    13.74,    11.97,     8.96,    10.08
      353.0,      11.16,    13.72,    11.95,     8.93,    10.05
      354.0,      11.14,    13.70,    11.93,     8.91,    10.03
      355.0,      11.12,    13.68,    11.91,     8.89,    10.00
      356.0,      11.10,    13.66,    11.90,     8.86,     9.98
      357.0,      11.08,    13.63,    11.88,     8.84,     9.95
      358.0,      11.05,    13.61,    11.86,     8.82,     9.92
      359.0,      11.03,    13.59,    11.84,     8.80,     9.90
      360.0,      11.01,    13.57,    11.82,     8.77,     9.87
      361.0,      10.99,    13.55,    11.80,     8.75,     9.85
      362.0,      10.97,    13.53,    11.78,     8.73,     9.82
      363.0,      10.94,    13.51,    11.76,     8.70,     9.80
      364.0,      10.92,    13.49,    11.74,     8.68,     9.77
      365.0,      10.90,    13.47,    11.72,     8.66,     9.75
      366.0,      10.88,    13.45,    11.70,     8.64,     9.72
      367.0,      10.86,    13.43,    11.68,     8.61,     9.70
      368.0,      10.83,    13.41,    11.66,     8.59,     9.67
      369.0,      10.81,    13.39,    11.65,     8.57,     9.65
      370.0,      10.79,    13.37,    11.63,     8.55,     9.62
      371.0,      10.77,    13.35,    11.61,     8.53,     9.60
      372.0,      10.75,    13.33,    11.59,     8.50,     9.57
      373.0,      10.73,    13.31,    11.57,     8.48,     9.55
      374.0,      10.71,    13.29,    11.55,     8.46,     9.53
      375.0,      10.68,    13.27,    11.53,     8.44,     9.50
      376.0,      10.66,    13.25,    11.52,     8.42,     9.48
      377.0,      10.64,    13.23,    11.50,     8.39,     9.45
      378.0,      10.62,    13.21,    11.48,     8.37,     9.43
      379.0,      10.60,    13.18,    11.46,     8.35,     9.40
      380.0,      10.58,    13.16,    11.44,     8.33,     9.38
      381.0,      10.56,    13.14,    11.43,     8.31,     9.36
      382.0,      10.54,    13.12,    11.41,     8.28,     9.33
      383.0,      10.52,    13.10,    11.39,     8.26,     9.31
      384.0,      10.50,    13.08,    11.37,     8.24,     9.29
      385.0,      10.48,    13.06,    11.35,     8.22,     9.26
      386.0,      10.45,    13.04,    11.34,     8.20,     9.24
      387.0,      10.43,    13.03,    11.32,     8.18,     9.21
      388.0,      10.41,    13.01,    11.30,     8.16,     9.19
      389.0,      10.39,    12.99,    11.28,     8.14,     9.17
      390.0,      10.37,    12.97,    11.27,     8.11,     9.14
      391.0,      10.35,    12.95,    11.25,     8.09,     9.12
      392.0,      10.33,    12.93,    11.23,     8.07,     9.10
      393.0,      10.31,    12.91,    11.21,     8.05,     9.07
      394.0,      10.29,    12.89,    11.20,     8.03,     9.05
      395.0,      10.27,    12.87,    11.18,     8.01,     9.03
      396.0,      10.25,    12.85,    11.16,     7.99,     9.00
      397.0,      10.23,    12.83,    11.14,     7.97,     8.98
      398.0,      10.21,    12.81,    11.13,     7.95,     8.96
      399.0,      10.19,    12.79,    11.11,     7.93,     8.94
      400.0,      10.17,    12.77,    11.09,     7.91,     8.91
