Radius (km), Mean (m/s), NE (m/s), SE (m/s), SW (m/s), NW (m/s)
        0.0,       0.00,     0.00,     0.00,     0.00,     0.00
        1.0,       2.69,     2.69,     2.67,     2.71,     2.68
        2.0,       4.22,     4.27,     4.28,     4.05,     4.27
        3.0,       5.49,     5.60,     5.63,     5.11,     5.61
        4.0,       6.62,     6.78,     6.85,     6.04,     6.81
        5.0,       7.66,     7.88,     7.97,     6.87,     7.91
        6.0,       8.62,     8.90,     9.02,     7.64,     8.94
        7.0,       9.54,     9.86,    10.02,     8.35,     9.92
        8.0,      10.41,    10.78,    10.97,     9.02,    10.85
        9.0,      11.24,    11.66,    11.89,     9.66,    11.74
       10.0,      12.04,    12.52,    12.77,    10.26,    12.60
       11.0,      12.81,    13.34,    13.63,    10.84,    13.44
       12.0,      13.57,    14.14,    14.48,    11.41,    14.25
       13.0,      14.34,    14.95,    15.35,    11.98,    15.06
       14.0,      15.14,    15.79,    16.28,    12.59,    15.89
       15.0,      16.00,    16.67,    17.31,    13.24,    16.76
       16.0,      16.93,    17.62,    18.43,    13.95,    17.70
       17.0,      17.92,    18.63,    19.64,    14.72,    18.69
       18.0,      18.95,    19.67,    20.90,    15.53,    19.72
       19.0,      19.98,    20.71,    22.14,    16.33,    20.76
       20.0,      20.96,    21.70,    23.30,    17.08,    21.77
       21.0,      21.84,    22.61,    24.32,    17.74,    22.69
       22.0,      22.57,    23.38,    25.13,    18.28,    23.49
       23.0,      23.13,    23.99,    25.72,    18.66,    24.14
       24.0,      23.50,    24.43,    26.06,    18.88,    24.61
       25.0,      23.69,    24.71,    26.17,    18.95,    24.92
       26.0,      23.72,    24.83,    26.09,    18.89,    25.07
       27.0,      23.62,    24.83,    25.85,    18.72,    25.09
       28.0,      23.44,    24.75,    25.51,    18.47,    25.02
       29.0,      23.20,    24.62,    25.11,    18.19,    24.90
       30.0,      22.95,    24.46,    24.70,    17.90,    24.74
       31.0,      22.70,    24.30,    24.30,    17.61,    24.58
       32.0,      22.46,    24.15,    23.92,    17.33,    24.43
       33.0,      22.23,    24.01,    23.55,    17.07,    24.29
       34.0,      22.02,    23.88,    23.21,    16.82,    24.15
       35.0,      21.81,    23.75,    22.88,    16.58,    24.03
       36.0,      21.61,    23.63,    22.56,    16.35,    23.90
       37.0,      21.41,    23.50,    22.25,    16.13,    23.78
       38.0,      21.23,    23.39,    21.95,    15.91,    23.66
       39.0,      21.05,    23.27,    21.67,    15.71,    23.54
       40.0,      20.87,    23.16,    21.39,    15.51,    23.43
       41.0,      20.70,    23.05,    21.13,    15.32,    23.32
       42.0,      20.54,    22.94,    20.88,    15.14,    23.21
       43.0,      20.38,    22.84,    20.63,    14.96,    23.10
       44.0,      20.23,    22.74,    20.39,    14.79,    23.00
       45.0,      20.08,    22.64,    20.17,    14.63,    22.90
       46.0,      19.94,    22.55,    19.95,    14.47,    22.80
       47.0,      19.80,    22.45,    19.74,    14.32,    22.70
       48.0,      19.67,    22.36,    19.53,    14.17,    22.61
       49.0,      19.54,    22.27,    19.34,    14.03,    22.52
       50.0,      19.42,    22.19,    19.15,    13.89,    22.43
       51.0,      19.29,    22.10,    18.97,    13.76,    22.34
       52.0,      19.18,    22.02,    18.79,    13.64,    22.26
       53.0,      19.06,    21.94,    18.62,    13.51,    22.17
       54.0,      18.95,    21.86,    18.46,    13.40,    22.09
       55.0,      18.84,    21.79,    18.30,    13.28,    22.01
       56.0,      18.74,    21.71,    18.15,    13.17,    21.93
       57.0,      18.64,    21.64,    18.00,    13.07,    21.85
       58.0,      18.54,    21.56,    17.86,    12.97,    21.77
       59.0,      18.45,    21.49,    17.73,    12.87,    21.70
       60.0,      18.36,    21.43,    17.60,    12.77,    21.62
       61.0,      18.27,    21.36,    17.47,    12.68,    21.55
       62.0,      18.18,    21.29,    17.35,    12.60,    21.48
       63.0,      18.09,    21.23,    17.23,    12.51,    21.41
       64.0,      18.01,    21.16,    17.12,    12.43,    21.34
       65.0,      17.93,    21.10,    17.01,    12.35,    21.28
       66.0,      17.85,    21.04,    16.90,    12.27,    21.21
       67.0,      17.78,    20.98,    16.80,    12.20,    21.14
       68.0,      17.71,    20.92,    16.70,    12.13,    21.08
       69.0,      17.63,    20.86,    16.60,    12.06,    21.02
       70.0,      17.56,    20.80,    16.51,    11.99,    20.95
       71.0,      17.50,    20.75,    16.42,    11.93,    20.89
       72.0,      17.43,    20.69,    16.33,    11.86,    20.83
       73.0,      17.36,    20.64,    16.25,    11.80,    20.77
       74.0,      17.30,    20.58,    16.17,    11.74,    20.71
       75.0,      17.24,    20.53,    16.09,    11.69,    20.65
       76.0,      17.18,    20.48,    16.01,    11.63,    20.60
       77.0,      17.12,    20.43,    15.94,    11.58,    20.54
       78.0,      17.06,    20.38,    15.87,    11.53,    20.48
       79.0,      17.01,    20.33,    15.80,    11.48,    20.43
       80.0,      16.95,    20.28,    15.73,    11.43,    20.37
       81.0,      16.90,    20.23,    15.67,    11.38,    20.32
       82.0,      16.85,    20.18,    15.60,    11.34,    20.26
       83.0,      16.80,    20.13,    15.54,    11.29,    20.21
       84.0,      16.75,    20.09,    15.48,    11.25,    20.16
       85.0,      16.70,    20.04,    15.43,    11.21,    20.11
       86.0,      16.65,    20.00,    15.37,    11.17,    20.06
       87.0,      16.60,    19.95,    15.32,    11.13,    20.01
       88.0,      16.55,    19.91,    15.26,    11.09,    19.95
       89.0,      16.51,    19.86,    15.21,    11.06,    19.91
       90.0,      16.46,    19.82,    15.16,    11.02,    19.86
       91.0,      16.42,    19.77,    15.12,    10.99,    19.81
       92.0,      16.38,    19.73,    15.07,    10.95,    19.76
       93.0,      16.34,    19.69,    15.02,    10.92,    19.71
       94.0,      16.29,    19.65,    14.98,    10.89,    19.66
       95.0,      16.25,    19.61,    14.94,    10.86,    19.62
       96.0,      16.21,    19.57,    14.90,    10.83,    19.57
       97.0,      16.17,    19.52,    14.85,    10.80,    19.52
       98.0,      16.14,    19.48,    14.82,    10.77,    19.48
       99.0,      16.10,    19.44,    14.78,    10.74,    19.43
      100.0,      16.06,    19.40,    14.74,    10.71,    19.38
      101.0,      16.02,    19.37,    14.70,    10.69,    19.34
      102.0,      15.99,    19.33,    14.67,    10.66,    19.29
      103.0,      15.95,    19.29,    14.63,    10.64,    19.25
      104.0,      15.92,    19.25,    14.60,    10.61,    19.21
      105.0,      15.88,    19.21,    14.56,    10.59,    19.16
      106.0,      15.85,    19.17,    14.53,    10.56,    19.12
      107.0,      15.81,    19.14,    14.50,    10.54,    19.07
      108.0,      15.78,    19.10,    14.47,    10.52,    19.03
      109.0,      15.75,    19.06,    14.44,    10.50,    18.99
      110.0,      15.71,    19.02,    14.41,    10.47,    18.95
      111.0,      15.68,    18.99,    14.38,    10.45,    18.90
      112.0,      15.65,    18.95,    14.35,    10.43,    18.86
      113.0,      15.62,    18.92,    14.32,    10.41,    18.82
      114.0,      15.59,    18.88,    14.29,    10.39,    18.78
      115.0,      15.56,    18.84,    14.27,    10.37,    18.74
      116.0,      15.52,    18.81,    14.24,    10.35,    18.70
      117.0,      15.49,    18.77,    14.22,    10.33,    18.65
      118.0,      15.46,    18.74,    14.19,    10.32,    18.61
      119.0,      15.43,    18.70,    14.17,    10.30,    18.57
      120.0,      15.41,    18.67,    14.14,    10.28,    18.53
      121.0,      15.38,    18.63,    14.12,    10.26,    18.49
      122.0,      15.35,    18.60,    14.09,    10.25,    18.45
      123.0,      15.32,    18.56,    14.07,    10.23,    18.41
      124.0,      15.29,    18.53,    14.05,    10.21,    18.37
      125.0,      15.26,    18.50,    14.02,    10.20,    18.33
      126.0,      15.23,    18.46,    14.00,    10.18,    18.29
      127.0,      15.21,    18.43,    13.98,    10.16,    18.25
      128.0,      15.18,    18.40,    13.96,    10.15,    18.22
      129.0,      15.15,    18.36,    13.94,    10.13,    18.18
      130.0,      15.13,    18.33,    13.92,    10.12,    18.14
      131.0,      15.10,    18.30,    13.90,    10.10,    18.10
      132.0,      15.07,    18.26,    13.88,    10.09,    18.06
      133.0,      15.05,    18.23,    13.86,    10.07,    18.02
      134.0,      15.02,    18.20,    13.84,    10.06,    17.98
      135.0,      14.99,    18.16,    13.82,    10.05,    17.95
      136.0,      14.97,    18.13,    13.80,    10.03,    17.91
      137.0,      14.94,    18.10,    13.78,    10.02,    17.87
      138.0,      14.92,    18.07,    13.76,    10.00,    17.83
      139.0,      14.89,    18.04,    13.74,     9.99,    17.80
      140.0,      14.87,    18.00,    13.72,     9.98,    17.76
      141.0,      14.84,    17.97,    13.71,     9.96,    17.72
      142.0,      14.82,    17.94,    13.69,     9.95,    17.68
      143.0,      14.79,    17.91,    13.67,     9.94,    17.65
      144.0,      14.77,    17.88,    13.65,     9.93,    17.61
      145.0,      14.74,    17.84,    13.63,     9.91,    17.57
      146.0,      14.72,    17.81,    13.62,     9.90,    17.54
      147.0,      14.69,    17.78,    13.60,     9.89,    17.50
      148.0,      14.67,    17.75,    13.58,     9.88,    17.46
      149.0,      14.64,    17.72,    13.57,     9.86,    17.43
      150.0,      14.62,    17.69,    13.55,     9.85,    17.39
      151.0,      14.60,    17.66,    13.53,     9.84,    17.35
      152.0,      14.57,    17.63,    13.52,     9.83,    17.32
      153.0,      14.55,    17.60,    13.50,     9.82,    17.28
      154.0,      14.53,    17.57,    13.48,     9.80,    17.25
      155.0,      14.50,    17.53,    13.47,     9.79,    17.21
      156.0,      14.48,    17.50,    13.45,     9.78,    17.17
      157.0,      14.45,    17.47,    13.44,     9.77,    17.14
      158.0,      14.43,    17.44,    13.42,     9.76,    17.10
      159.0,      14.41,    17.41,    13.41,     9.75,    17.07
      160.0,      14.39,    17.38,    13.39,     9.74,    17.03
      161.0,      14.36,    17.35,    13.37,     9.72,    17.00
      162.0,      14.34,    17.32,    13.36,     9.71,    16.96
      163.0,      14.32,    17.29,    13.34,     9.70,    16.93
      164.0,      14.29,    17.26,    13.33,     9.69,    16.89
      165.0,      14.27,    17.23,    13.31,     9.68,    16.86
      166.0,      14.25,    17.20,    13.30,     9.67,    16.82
      167.0,      14.23,    17.17,    13.28,     9.66,    16.79
      168.0,      14.20,    17.14,    13.27,     9.65,    16.75
      169.0,      14.18,    17.11,    13.25,     9.64,    16.72
      170.0,      14.16,    17.08,    13.24,     9.63,    16.69
      171.0,      14.14,    17.05,    13.23,     9.62,    16.65
      172.0,      14.11,    17.03,    13.21,     9.61,    16.62
      173.0,      14.09,    17.00,    13.20,     9.60,    16.58
      174.0,      14.07,    16.97,    13.18,     9.58,    16.55
      175.0,      14.05,    16.94,    13.17,     9.57,    16.52
      176.0,      14.03,    16.91,    13.15,     9.56,    16.48
      177.0,      14.00,    16.88,    13.14,     9.55,    16.45
      178.0,      13.98,    16.85,    13.12,     9.54,    16.41
      179.0,      13.96,    16.82,    13.11,     9.53,    16.38
      180.0,      13.94,    16.79,    13.10,     9.52,    16.35
      181.0,      13.92,    16.76,    13.08,     9.51,    16.31
      182.0,      13.90,    16.73,    13.07,     9.50,    16.28
      183.0,      13.88,    16.71,    13.05,     9.49,    16.25
      184.0,      13.85,    16.68,    13.04,     9.48,    16.21
      185.0,      13.83,    16.65,    13.03,     9.47,    16.18
      186.0,      13.81,    16.62,    13.01,     9.46,    16.15
      187.0,      13.79,    16.59,    13.00,     9.45,    16.11
      188.0,      13.77,    16.56,    12.99,     9.44,    16.08
      189.0,      13.75,    16.54,    12.97,     9.43,    16.05
      190.0,      13.73,    16.51,    12.96,     9.42,    16.02
      191.0,      13.70,    16.48,    12.95,     9.41,    15.98
      192.0,      13.68,    16.45,    12.93,     9.40,    15.95
      193.0,      13.66,    16.42,    12.92,     9.39,    15.92
      194.0,      13.64,    16.39,    12.90,     9.38,    15.88
      195.0,      13.62,    16.37,    12.89,     9.37,    15.85
      196.0,      13.60,    16.34,    12.88,     9.36,    15.82
      197.0,      13.58,    16.31,    12.86,     9.35,    15.79
      198.0,      13.56,    16.28,    12.85,     9.34,    15.76
      199.0,      13.54,    16.25,    12.84,     9.34,    15.72
      200.0,      13.52,    16.23,    12.82,     9.33,    15.69
      201.0,      13.50,    16.20,    12.81,     9.32,    15.66
      202.0,      13.48,    16.17,    12.80,     9.31,    15.63
      203.0,      13.46,    16.14,    12.79,     9.30,    15.60
      204.0,      13.43,    16.12,    12.77,     9.29,    15.56
      205.0,      13.41,    16.09,    12.76,     9.28,    15.53
      206.0,      13.39,    16.06,    12.75,     9.27,    15.50
      207.0,      13.37,    16.03,    12.73,     9.26,    15.47
      208.0,      13.35,    16.01,    12.72,     9.25,    15.44
      209.0,      13.33,    15.98,    12.71,     9.24,    15.41
      210.0,      13.31,    15.95,    12.69,     9.23,    15.37
      211.0,      13.29,    15.92,    12.68,     9.22,    15.34
      212.0,      13.27,    15.90,    12.67,     9.21,    15.31
      213.0,      13.25,    15.87,    12.66,     9.20,    15.28
      214.0,      13.23,    15.84,    12.64,     9.19,    15.25
      215.0,      13.21,    15.82,    12.63,     9.18,    15.22
      216.0,      13.19,    15.79,    12.62,     9.17,    15.19
      217.0,      13.17,    15.76,    12.60,     9.16,    15.16
      218.0,      13.15,    15.73,    12.59,     9.16,    15.13
      219.0,      13.13,    15.71,    12.58,     9.15,    15.09
      220.0,      13.11,    15.68,    12.57,     9.14,    15.06
      221.0,      13.09,    15.65,    12.55,     9.13,    15.03
      222.0,      13.07,    15.63,    12.54,     9.12,    15.00
      223.0,      13.05,    15.60,    12.53,     9.11,    14.97
      224.0,      13.03,    15.57,    12.51,     9.10,    14.94
      225.0,      13.01,    15.55,    12.50,     9.09,    14.91
      226.0,      12.99,    15.52,    12.49,     9.08,    14.88
      227.0,      12.97,    15.50,    12.48,     9.07,    14.85
      228.0,      12.95,    15.47,    12.46,     9.06,    14.82
      229.0,      12.93,    15.44,    12.45,     9.05,    14.79
      230.0,      12.91,    15.42,    12.44,     9.04,    14.76
      231.0,      12.90,    15.39,    12.43,     9.04,    14.73
      232.0,      12.88,    15.36,    12.41,     9.03,    14.70
      233.0,      12.86,    15.34,    12.40,     9.02,    14.67
      234.0,      12.84,    15.31,    12.39,     9.01,    14.64
      235.0,      12.82,    15.29,    12.38,     9.00,    14.61
      236.0,      12.80,    15.26,    12.36,     8.99,    14.58
      237.0,      12.78,    15.23,    12.35,     8.98,    14.55
      238.0,      12.76,    15.21,    12.34,     8.97,    14.52
      239.0,      12.74,    15.18,    12.33,     8.96,    14.49
      240.0,      12.72,    15.16,    12.31,     8.95,    14.46
      241.0,      12.70,    15.13,    12.30,     8.94,    14.43
      242.0,      12.68,    15.10,    12.29,     8.94,    14.40
      243.0,      12.66,    15.08,    12.28,     8.93,    14.37
      244.0,      12.64,    15.05,    12.26,     8.92,    14.34
      245.0,      12.63,    15.03,    12.25,     8.91,    14.32
      246.0,      12.61,    15.00,    12.24,     8.90,    14.29
      247.0,      12.59,    14.98,    12.23,     8.89,    14.26
      248.0,      12.57,    14.95,    12.22,     8.88,    14.23
      249.0,      12.55,    14.92,    12.20,     8.87,    14.20
      250.0,      12.53,    14.90,    12.19,     8.86,    14.17
      251.0,      12.51,    14.87,    12.18,     8.86,    14.14
      252.0,      12.49,    14.85,    12.17,     8.85,    14.11
      253.0,      12.47,    14.82,    12.15,     8.84,    14.08
      254.0,      12.46,    14.80,    12.14,     8.83,    14.06
      255.0,      12.44,    14.77,    12.13,     8.82,    14.03
      256.0,      12.42,    14.75,    12.12,     8.81,    14.00
      257.0,      12.40,    14.72,    12.11,     8.80,    13.97
      258.0,      12.38,    14.70,    12.09,     8.79,    13.94
      259.0,      12.36,    14.67,    12.08,     8.78,    13.91
      260.0,      12.34,    14.65,    12.07,     8.78,    13.88
      261.0,      12.33,    14.62,    12.06,     8.77,    13.86
      262.0,      12.31,    14.60,    12.04,     8.76,    13.83
      263.0,      12.29,    14.57,    12.03,     8.75,    13.80
      264.0,      12.27,    14.55,    12.02,     8.74,    13.77
      265.0,      12.25,    14.52,    12.01,     8.73,    13.74
      266.0,      12.23,    14.50,    12.00,     8.72,    13.72
      267.0,      12.22,    14.47,    11.98,     8.71,    13.69
      268.0,      12.20,    14.45,    11.97,     8.71,    13.66
      269.0,      12.18,    14.42,    11.96,     8.70,    13.63
      270.0,      12.16,    14.40,    11.95,     8.69,    13.61
      271.0,      12.14,    14.38,    11.94,     8.68,    13.58
      272.0,      12.12,    14.35,    11.92,     8.67,    13.55
      273.0,      12.11,    14.33,    11.91,     8.66,    13.52
      274.0,      12.09,    14.30,    11.90,     8.65,    13.49
      275.0,      12.07,    14.28,    11.89,     8.64,    13.47
      276.0,      12.05,    14.25,    11.88,     8.64,    13.44
      277.0,      12.03,    14.23,    11.87,     8.63,    13.41
      278.0,      12.02,    14.20,    11.85,     8.62,    13.39
      279.0,      12.00,    14.18,    11.84,     8.61,    13.36
      280.0,      11.98,    14.16,    11.83,     8.60,    13.33
      281.0,      11.96,    14.13,    11.82,     8.59,    13.30
      282.0,      11.94,    14.11,    11.81,     8.58,    13.28
      283.0,      11.93,    14.08,    11.79,     8.58,    13.25
      284.0,      11.91,    14.06,    11.78,     8.57,    13.22
      285.0,      11.89,    14.04,    11.77,     8.56,    13.20
      286.0,      11.87,    14.01,    11.76,     8.55,    13.17
      287.0,      11.85,    13.99,    11.75,     8.54,    13.14
      288.0,      11.84,    13.96,    11.74,     8.53,    13.12
      289.0,      11.82,    13.94,    11.72,     8.52,    13.09
      290.0,      11.80,    13.92,    11.71,     8.52,    13.06
      291.0,      11.78,    13.89,    11.70,     8.51,    13.04
      292.0,      11.77,    13.87,    11.69,     8.50,    13.01
      293.0,      11.75,    13.85,    11.68,     8.49,    12.98
      294.0,      11.73,    13.82,    11.66,     8.48,    12.96
      295.0,      11.71,    13.80,    11.65,     8.47,    12.93
      296.0,      11.70,    13.78,    11.64,     8.47,    12.90
      297.0,      11.68,    13.75,    11.63,     8.46,    12.88
      298.0,      11.66,    13.73,    11.62,     8.45,    12.85
      299.0,      11.64,    13.71,    11.61,     8.44,    12.82
      300.0,      11.63,    13.68,    11.60,     8.43,    12.80
      301.0,      11.61,    13.66,    11.58,     8.42,    12.77
      302.0,      11.59,    13.64,    11.57,     8.41,    12.75
      303.0,      11.57,    13.61,    11.56,     8.41,    12.72
      304.0,      11.56,    13.59,    11.55,     8.40,    12.70
      305.0,      11.54,    13.57,    11.54,     8.39,    12.67
      306.0,      11.52,    13.54,    11.53,     8.38,    12.64
      307.0,      11.51,    13.52,    11.51,     8.37,    12.62
      308.0,      11.49,    13.50,    11.50,     8.36,    12.59
      309.0,      11.47,    13.47,    11.49,     8.36,    12.57
      310.0,      11.45,    13.45,    11.48,     8.35,    12.54
      311.0,      11.44,    13.43,    11.47,     8.34,    12.52
      312.0,      11.42,    13.41,    11.46,     8.33,    12.49
      313.0,      11.40,    13.38,    11.45,     8.32,    12.46
      314.0,      11.39,    13.36,    11.43,     8.31,    12.44
      315.0,      11.37,    13.34,    11.42,     8.31,    12.41
      316.0,      11.35,    13.31,    11.41,     8.30,    12.39
      317.0,      11.34,    13.29,    11.40,     8.29,    12.36
      318.0,      11.32,    13.27,    11.39,     8.28,    12.34
      319.0,      11.30,    13.25,    11.38,     8.27,    12.31
      320.0,      11.29,    13.22,    11.37,     8.26,    12.29
      321.0,      11.27,    13.20,    11.35,     8.26,    12.26
      322.0,      11.25,    13.18,    11.34,     8.25,    12.24
      323.0,      11.24,    13.16,    11.33,     8.24,    12.21
      324.0,      11.22,    13.13,    11.32,     8.23,    12.19
      325.0,      11.20,    13.11,    11.31,     8.22,    12.16
      326.0,      11.19,    13.09,    11.30,     8.21,    12.14
      327.0,      11.17,    13.07,    11.29,     8.21,    12.11
      328.0,      11.15,    13.04,    11.27,     8.20,    12.09
      329.0,      11.14,    13.02,    11.26,     8.19,    12.07
      330.0,      11.12,    13.00,    11.25,     8.18,    12.04
      331.0,      11.10,    12.98,    11.24,     8.17,    12.02
      332.0,      11.09,    12.96,    11.23,     8.17,    11.99
      333.0,      11.07,    12.93,    11.22,     8.16,    11.97
      334.0,      11.05,    12.91,    11.21,     8.15,    11.94
      335.0,      11.04,    12.89,    11.20,     8.14,    11.92
      336.0,      11.02,    12.87,    11.18,     8.13,    11.89
      337.0,      11.00,    12.85,    11.17,     8.12,    11.87
      338.0,      10.99,    12.82,    11.16,     8.12,    11.85
      339.0,      10.97,    12.80,    11.15,     8.11,    11.82
      340.0,      10.95,    12.78,    11.14,     8.10,    11.80
      341.0,      10.94,    12.76,    11.13,     8.09,    11.77
      342.0,      10.92,    12.74,    11.12,     8.08,    11.75
      343.0,      10.91,    12.72,    11.11,     8.08,    11.73
      344.0,      10.89,    12.69,    11.10,     8.07,    11.70
      345.0,      10.87,    12.67,    11.08,     8.06,    11.68
      346.0,      10.86,    12.65,    11.07,     8.05,    11.65
      347.0,      10.84,    12.63,    11.06,     8.04,    11.63
      348.0,      10.83,    12.61,    11.05,     8.04,    11.61
      349.0,      10.81,    12.59,    11.04,     8.03,    11.58
      350.0,      10.79,    12.56,    11.03,     8.02,    11.56
      351.0,      10.78,    12.54,    11.02,     8.01,    11.54
      352.0,      10.76,    12.52,    11.01,     8.00,    11.51
      353.0,      10.75,    12.50,    11.00,     8.00,    11.49
      354.0,      10.73,    12.48,    10.99,     7.99,    11.47
      355.0,      10.71,    12.46,    10.97,     7.98,    11.44
      356.0,      10.70,    12.44,    10.96,     7.97,    11.42
      357.0,      10.68,    12.42,    10.95,     7.96,    11.40
      358.0,      10.67,    12.39,    10.94,     7.96,    11.37
      359.0,      10.65,    12.37,    10.93,     7.95,    11.35
      360.0,      10.63,    12.35,    10.92,     7.94,    11.33
      361.0,      10.62,    12.33,    10.91,     7.93,    11.30
      362.0,      10.60,    12.31,    10.90,     7.92,    11.28
      363.0,      10.59,    12.29,    10.89,     7.92,    11.26
      364.0,      10.57,    12.27,    10.88,     7.91,    11.24
      365.0,      10.56,    12.25,    10.87,     7.90,    11.21
      366.0,      10.54,    12.23,    10.85,     7.89,    11.19
      367.0,      10.53,    12.21,    10.84,     7.88,    11.17
      368.0,      10.51,    12.19,    10.83,     7.88,    11.14
      369.0,      10.49,    12.16,    10.82,     7.87,    11.12
      370.0,      10.48,    12.14,    10.81,     7.86,    11.10
      371.0,      10.46,    12.12,    10.80,     7.85,    11.08
      372.0,      10.45,    12.10,    10.79,     7.85,    11.05
      373.0,      10.43,    12.08,    10.78,     7.84,    11.03
      374.0,      10.42,    12.06,    10.77,     7.83,    11.01
      375.0,      10.40,    12.04,    10.76,     7.82,    10.99
      376.0,      10.39,    12.02,    10.75,     7.81,    10.96
      377.0,      10.37,    12.00,    10.74,     7.81,    10.94
      378.0,      10.36,    11.98,    10.72,     7.80,    10.92
      379.0,      10.34,    11.96,    10.71,     7.79,    10.90
      380.0,      10.33,    11.94,    10.70,     7.78,    10.88
      381.0,      10.31,    11.92,    10.69,     7.78,    10.85
      382.0,      10.29,    11.90,    10.68,     7.77,    10.83
      383.0,      10.28,    11.88,    10.67,     7.76,    10.81
      384.0,      10.26,    11.86,    10.66,     7.75,    10.79
      385.0,      10.25,    11.84,    10.65,     7.74,    10.77
      386.0,      10.23,    11.82,    10.64,     7.74,    10.74
      387.0,      10.22,    11.80,    10.63,     7.73,    10.72
      388.0,      10.20,    11.78,    10.62,     7.72,    10.70
      389.0,      10.19,    11.76,    10.61,     7.71,    10.68
      390.0,      10.17,    11.74,    10.60,     7.71,    10.66
      391.0,      10.16,    11.72,    10.59,     7.70,    10.63
      392.0,      10.14,    11.70,    10.58,     7.69,    10.61
      393.0,      10.13,    11.68,    10.57,     7.68,    10.59
      394.0,      10.11,    11.66,    10.55,     7.67,    10.57
      395.0,      10.10,    11.64,    10.54,     7.67,    10.55
      396.0,      10.08,    11.62,    10.53,     7.66,    10.53
      397.0,      10.07,    11.60,    10.52,     7.65,    10.51
      398.0,      10.05,    11.58,    10.51,     7.64,    10.48
      399.0,      10.04,    11.56,    10.50,     7.64,    10.46
      400.0,      10.03,    11.54,    10.49,     7.63,    10.44
