Radius (km), Mean (m/s), NE (m/s), SE (m/s), SW (m/s), NW (m/s)
        0.0,       0.00,     0.00,     0.00,     0.00,     0.00
        1.0,       2.16,     2.10,     2.19,     2.24,     2.10
        2.0,       3.54,     3.50,     3.56,     3.59,     3.50
        3.0,       4.73,     4.72,     4.74,     4.73,     4.72
        4.0,       5.80,     5.83,     5.80,     5.75,     5.83
        5.0,       6.81,     6.88,     6.78,     6.69,     6.88
        6.0,       7.75,     7.86,     7.71,     7.57,     7.86
        7.0,       8.65,     8.81,     8.59,     8.41,     8.81
        8.0,       9.52,     9.72,     9.44,     9.20,     9.72
        9.0,      10.36,    10.60,    10.25,     9.97,    10.60
       10.0,      11.17,    11.45,    11.04,    10.71,    11.45
       11.0,      11.95,    12.29,    11.81,    11.43,    12.29
       12.0,      12.72,    13.10,    12.55,    12.12,    13.10
       13.0,      13.47,    13.90,    13.28,    12.80,    13.90
       14.0,      14.20,    14.68,    13.99,    13.46,    14.68
       15.0,      14.92,    15.44,    14.68,    14.10,    15.44
       16.0,      15.62,    16.19,    15.36,    14.74,    16.19
       17.0,      16.31,    16.93,    16.03,    15.35,    16.93
       18.0,      16.99,    17.66,    16.69,    15.96,    17.66
       19.0,      17.66,    18.38,    17.34,    16.56,    18.38
       20.0,      18.32,    19.08,    17.97,    17.15,    19.08
       21.0,      18.97,    19.79,    18.60,    17.72,    19.78
       22.0,      19.62,    20.51,    19.22,    18.29,    20.47
       23.0,      20.28,    21.27,    19.85,    18.85,    21.16
       24.0,      20.97,    22.12,    20.50,    19.41,    21.84
       25.0,      21.70,    23.06,    21.19,    19.99,    22.55
       26.0,      22.49,    24.11,    21.93,    20.61,    23.29
       27.0,      23.33,    25.23,    22.71,    21.29,    24.09
       28.0,      24.21,    26.37,    23.52,    22.02,    24.93
       29.0,      25.11,    27.49,    24.33,    22.80,    25.80
       30.0,      25.97,    28.51,    25.12,    23.60,    26.68
       31.0,      26.77,    29.36,    25.84,    24.36,    27.52
       32.0,      27.45,    30.01,    26.46,    25.04,    28.28
       33.0,      27.98,    30.43,    26.96,    25.59,    28.93
       34.0,      28.34,    30.62,    27.33,    25.98,    29.43
       35.0,      28.53,    30.59,    27.57,    26.19,    29.79
       36.0,      28.57,    30.39,    27.69,    26.21,    29.98
       37.0,      28.47,    30.06,    27.72,    26.06,    30.05
       38.0,      28.28,    29.65,    27.68,    25.78,    30.00
       39.0,      28.02,    29.21,    27.59,    25.41,    29.87
       40.0,      27.74,    28.77,    27.49,    24.98,    29.70
       41.0,      27.45,    28.35,    27.39,    24.54,    29.51
       42.0,      27.17,    27.94,    27.30,    24.11,    29.32
       43.0,      26.91,    27.56,    27.21,    23.71,    29.15
       44.0,      26.66,    27.19,    27.12,    23.34,    28.99
       45.0,      26.42,    26.83,    27.04,    22.99,    28.84
       46.0,      26.20,    26.48,    26.95,    22.66,    28.69
       47.0,      25.98,    26.15,    26.87,    22.34,    28.55
       48.0,      25.76,    25.83,    26.79,    22.03,    28.40
       49.0,      25.55,    25.51,    26.71,    21.73,    28.25
       50.0,      25.35,    25.21,    26.63,    21.45,    28.11
       51.0,      25.15,    24.92,    26.54,    21.17,    27.97
       52.0,      24.95,    24.64,    26.46,    20.89,    27.82
       53.0,      24.76,    24.36,    26.38,    20.63,    27.68
       54.0,      24.58,    24.10,    26.30,    20.38,    27.54
       55.0,      24.40,    23.84,    26.23,    20.13,    27.40
       56.0,      24.22,    23.59,    26.15,    19.89,    27.26
       57.0,      24.05,    23.35,    26.07,    19.66,    27.12
       58.0,      23.88,    23.12,    25.99,    19.44,    26.98
       59.0,      23.72,    22.90,    25.91,    19.22,    26.84
       60.0,      23.56,    22.68,    25.84,    19.01,    26.71
       61.0,      23.40,    22.47,    25.76,    18.80,    26.57
       62.0,      23.25,    22.27,    25.68,    18.60,    26.43
       63.0,      23.10,    22.07,    25.61,    18.41,    26.30
       64.0,      22.95,    21.88,    25.53,    18.22,    26.16
       65.0,      22.81,    21.70,    25.46,    18.04,    26.03
       66.0,      22.66,    21.52,    25.38,    17.86,    25.90
       67.0,      22.53,    21.34,    25.31,    17.69,    25.77
       68.0,      22.39,    21.18,    25.23,    17.52,    25.64
       69.0,      22.26,    21.02,    25.16,    17.36,    25.51
       70.0,      22.13,    20.86,    25.09,    17.20,    25.38
       71.0,      22.00,    20.71,    25.01,    17.05,    25.25
       72.0,      21.88,    20.56,    24.94,    16.89,    25.12
       73.0,      21.76,    20.42,    24.87,    16.75,    24.99
       74.0,      21.64,    20.28,    24.80,    16.61,    24.86
       75.0,      21.52,    20.14,    24.72,    16.47,    24.74
       76.0,      21.40,    20.01,    24.65,    16.33,    24.61
       77.0,      21.29,    19.89,    24.58,    16.20,    24.49
       78.0,      21.18,    19.76,    24.51,    16.07,    24.36
       79.0,      21.07,    19.65,    24.44,    15.95,    24.24
       80.0,      20.96,    19.53,    24.37,    15.82,    24.12
       81.0,      20.85,    19.42,    24.30,    15.70,    23.99
       82.0,      20.75,    19.31,    24.23,    15.59,    23.87
       83.0,      20.65,    19.21,    24.16,    15.47,    23.75
       84.0,      20.55,    19.10,    24.10,    15.36,    23.63
       85.0,      20.45,    19.00,    24.03,    15.25,    23.51
       86.0,      20.35,    18.91,    23.96,    15.14,    23.39
       87.0,      20.25,    18.82,    23.89,    15.04,    23.27
       88.0,      20.16,    18.72,    23.82,    14.94,    23.15
       89.0,      20.07,    18.64,    23.76,    14.84,    23.04
       90.0,      19.98,    18.55,    23.69,    14.74,    22.92
       91.0,      19.89,    18.47,    23.62,    14.64,    22.80
       92.0,      19.80,    18.39,    23.56,    14.55,    22.69
       93.0,      19.71,    18.31,    23.49,    14.46,    22.57
       94.0,      19.62,    18.23,    23.43,    14.37,    22.46
       95.0,      19.54,    18.16,    23.36,    14.28,    22.35
       96.0,      19.45,    18.09,    23.30,    14.19,    22.23
       97.0,      19.37,    18.02,    23.23,    14.11,    22.12
       98.0,      19.29,    17.95,    23.17,    14.02,    22.01
       99.0,      19.21,    17.88,    23.10,    13.94,    21.90
      100.0,      19.13,    17.82,    23.04,    13.86,    21.79
      101.0,      19.05,    17.75,    22.98,    13.78,    21.68
      102.0,      18.97,    17.69,    22.91,    13.70,    21.57
      103.0,      18.89,    17.63,    22.85,    13.63,    21.46
      104.0,      18.82,    17.57,    22.79,    13.55,    21.35
      105.0,      18.74,    17.52,    22.73,    13.48,    21.24
      106.0,      18.67,    17.46,    22.66,    13.40,    21.14
      107.0,      18.59,    17.41,    22.60,    13.33,    21.03
      108.0,      18.52,    17.35,    22.54,    13.26,    20.92
      109.0,      18.45,    17.30,    22.48,    13.19,    20.82
      110.0,      18.38,    17.25,    22.42,    13.12,    20.71
      111.0,      18.31,    17.20,    22.36,    13.05,    20.61
      112.0,      18.24,    17.16,    22.30,    12.99,    20.50
      113.0,      18.17,    17.11,    22.24,    12.92,    20.40
      114.0,      18.10,    17.06,    22.18,    12.86,    20.30
      115.0,      18.03,    17.02,    22.12,    12.79,    20.20
      116.0,      17.96,    16.98,    22.06,    12.73,    20.10
      117.0,      17.90,    16.93,    22.00,    12.67,    19.99
      118.0,      17.83,    16.89,    21.94,    12.61,    19.89
      119.0,      17.77,    16.85,    21.88,    12.55,    19.79
      120.0,      17.70,    16.81,    21.82,    12.49,    19.69
      121.0,      17.64,    16.77,    21.76,    12.43,    19.59
      122.0,      17.58,    16.73,    21.70,    12.37,    19.50
      123.0,      17.51,    16.70,    21.64,    12.31,    19.40
      124.0,      17.45,    16.66,    21.59,    12.25,    19.30
      125.0,      17.39,    16.62,    21.53,    12.20,    19.20
      126.0,      17.33,    16.59,    21.47,    12.14,    19.11
      127.0,      17.27,    16.55,    21.41,    12.08,    19.01
      128.0,      17.21,    16.52,    21.36,    12.03,    18.92
      129.0,      17.15,    16.49,    21.30,    11.97,    18.82
      130.0,      17.09,    16.45,    21.24,    11.92,    18.73
      131.0,      17.03,    16.42,    21.19,    11.87,    18.63
      132.0,      16.97,    16.39,    21.13,    11.82,    18.54
      133.0,      16.91,    16.36,    21.08,    11.76,    18.45
      134.0,      16.85,    16.33,    21.02,    11.71,    18.35
      135.0,      16.80,    16.30,    20.97,    11.66,    18.26
      136.0,      16.74,    16.27,    20.91,    11.61,    18.17
      137.0,      16.68,    16.24,    20.85,    11.56,    18.08
      138.0,      16.63,    16.21,    20.80,    11.51,    17.99
      139.0,      16.57,    16.19,    20.75,    11.46,    17.90
      140.0,      16.52,    16.16,    20.69,    11.41,    17.81
      141.0,      16.46,    16.13,    20.64,    11.36,    17.72
      142.0,      16.41,    16.10,    20.58,    11.31,    17.63
      143.0,      16.35,    16.08,    20.53,    11.27,    17.54
      144.0,      16.30,    16.05,    20.47,    11.22,    17.46
      145.0,      16.25,    16.03,    20.42,    11.17,    17.37
      146.0,      16.19,    16.00,    20.37,    11.12,    17.28
      147.0,      16.14,    15.98,    20.32,    11.08,    17.19
      148.0,      16.09,    15.95,    20.26,    11.03,    17.11
      149.0,      16.04,    15.93,    20.21,    10.99,    17.02
      150.0,      15.99,    15.90,    20.16,    10.94,    16.94
      151.0,      15.93,    15.88,    20.10,    10.90,    16.85
      152.0,      15.88,    15.86,    20.05,    10.85,    16.77
      153.0,      15.83,    15.83,    20.00,    10.81,    16.69
      154.0,      15.78,    15.81,    19.95,    10.76,    16.60
      155.0,      15.73,    15.79,    19.90,    10.72,    16.52
      156.0,      15.68,    15.77,    19.85,    10.68,    16.44
      157.0,      15.63,    15.74,    19.79,    10.63,    16.36
      158.0,      15.58,    15.72,    19.74,    10.59,    16.27
      159.0,      15.53,    15.70,    19.69,    10.55,    16.19
      160.0,      15.48,    15.68,    19.64,    10.50,    16.11
      161.0,      15.44,    15.66,    19.59,    10.46,    16.03
      162.0,      15.39,    15.64,    19.54,    10.42,    15.95
      163.0,      15.34,    15.62,    19.49,    10.38,    15.87
      164.0,      15.29,    15.60,    19.44,    10.34,    15.79
      165.0,      15.24,    15.58,    19.39,    10.30,    15.71
      166.0,      15.20,    15.56,    19.34,    10.25,    15.64
      167.0,      15.15,    15.54,    19.29,    10.21,    15.56
      168.0,      15.10,    15.52,    19.24,    10.17,    15.48
      169.0,      15.06,    15.50,    19.19,    10.13,    15.40
      170.0,      15.01,    15.48,    19.14,    10.09,    15.33
      171.0,      14.96,    15.46,    19.09,    10.05,    15.25
      172.0,      14.92,    15.44,    19.05,    10.01,    15.17
      173.0,      14.87,    15.42,    19.00,     9.97,    15.10
      174.0,      14.83,    15.40,    18.95,     9.94,    15.02
      175.0,      14.78,    15.38,    18.90,     9.90,    14.95
      176.0,      14.74,    15.37,    18.85,     9.86,    14.87
      177.0,      14.69,    15.35,    18.80,     9.82,    14.80
      178.0,      14.65,    15.33,    18.76,     9.78,    14.73
      179.0,      14.60,    15.31,    18.71,     9.74,    14.65
      180.0,      14.56,    15.29,    18.66,     9.70,    14.58
      181.0,      14.52,    15.27,    18.61,     9.67,    14.51
      182.0,      14.47,    15.26,    18.57,     9.63,    14.44
      183.0,      14.43,    15.24,    18.52,     9.59,    14.36
      184.0,      14.39,    15.22,    18.47,     9.55,    14.29
      185.0,      14.34,    15.20,    18.43,     9.52,    14.22
      186.0,      14.30,    15.19,    18.38,     9.48,    14.15
      187.0,      14.26,    15.17,    18.33,     9.44,    14.08
      188.0,      14.21,    15.15,    18.29,     9.41,    14.01
      189.0,      14.17,    15.13,    18.24,     9.37,    13.94
      190.0,      14.13,    15.12,    18.19,     9.33,    13.87
      191.0,      14.09,    15.10,    18.15,     9.30,    13.80
      192.0,      14.05,    15.08,    18.10,     9.26,    13.74
      193.0,      14.00,    15.07,    18.06,     9.23,    13.67
      194.0,      13.96,    15.05,    18.01,     9.19,    13.60
      195.0,      13.92,    15.03,    17.97,     9.16,    13.53
      196.0,      13.88,    15.02,    17.92,     9.12,    13.46
      197.0,      13.84,    15.00,    17.88,     9.09,    13.40
      198.0,      13.80,    14.98,    17.83,     9.05,    13.33
      199.0,      13.76,    14.97,    17.79,     9.02,    13.27
      200.0,      13.72,    14.95,    17.74,     8.98,    13.20
      201.0,      13.68,    14.94,    17.70,     8.95,    13.13
      202.0,      13.64,    14.92,    17.65,     8.91,    13.07
      203.0,      13.60,    14.90,    17.61,     8.88,    13.00
      204.0,      13.56,    14.89,    17.56,     8.84,    12.94
      205.0,      13.52,    14.87,    17.52,     8.81,    12.88
      206.0,      13.48,    14.85,    17.48,     8.78,    12.81
      207.0,      13.44,    14.84,    17.43,     8.74,    12.75
      208.0,      13.40,    14.82,    17.39,     8.71,    12.69
      209.0,      13.36,    14.81,    17.35,     8.68,    12.62
      210.0,      13.32,    14.79,    17.30,     8.64,    12.56
      211.0,      13.29,    14.78,    17.26,     8.61,    12.50
      212.0,      13.25,    14.76,    17.22,     8.58,    12.44
      213.0,      13.21,    14.74,    17.17,     8.54,    12.38
      214.0,      13.17,    14.73,    17.13,     8.51,    12.31
      215.0,      13.13,    14.71,    17.09,     8.48,    12.25
      216.0,      13.10,    14.70,    17.04,     8.45,    12.19
      217.0,      13.06,    14.68,    17.00,     8.41,    12.13
      218.0,      13.02,    14.67,    16.96,     8.38,    12.07
      219.0,      12.98,    14.65,    16.92,     8.35,    12.01
      220.0,      12.95,    14.64,    16.88,     8.32,    11.95
      221.0,      12.91,    14.62,    16.83,     8.29,    11.89
      222.0,      12.87,    14.61,    16.79,     8.26,    11.84
      223.0,      12.84,    14.59,    16.75,     8.22,    11.78
      224.0,      12.80,    14.58,    16.71,     8.19,    11.72
      225.0,      12.76,    14.56,    16.67,     8.16,    11.66
      226.0,      12.73,    14.55,    16.63,     8.13,    11.60
      227.0,      12.69,    14.53,    16.58,     8.10,    11.55
      228.0,      12.65,    14.52,    16.54,     8.07,    11.49
      229.0,      12.62,    14.50,    16.50,     8.04,    11.43
      230.0,      12.58,    14.49,    16.46,     8.01,    11.38
      231.0,      12.55,    14.47,    16.42,     7.98,    11.32
      232.0,      12.51,    14.46,    16.38,     7.95,    11.26
      233.0,      12.48,    14.44,    16.34,     7.92,    11.21
      234.0,      12.44,    14.43,    16.30,     7.89,    11.15
      235.0,      12.41,    14.41,    16.26,     7.86,    11.10
      236.0,      12.37,    14.40,    16.22,     7.83,    11.04
      237.0,      12.34,    14.38,    16.18,     7.80,    10.99
      238.0,      12.30,    14.37,    16.14,     7.77,    10.93
      239.0,      12.27,    14.35,    16.10,     7.74,    10.88
      240.0,      12.23,    14.34,    16.06,     7.71,    10.83
      241.0,      12.20,    14.32,    16.02,     7.68,    10.77
      242.0,      12.16,    14.31,    15.98,     7.65,    10.72
      243.0,      12.13,    14.29,    15.94,     7.62,    10.67
      244.0,      12.10,    14.28,    15.90,     7.59,    10.62
      245.0,      12.06,    14.26,    15.86,     7.56,    10.56
      246.0,      12.03,    14.25,    15.82,     7.53,    10.51
      247.0,      12.00,    14.24,    15.78,     7.51,    10.46
      248.0,      11.96,    14.22,    15.74,     7.48,    10.41
      249.0,      11.93,    14.21,    15.71,     7.45,    10.36
      250.0,      11.90,    14.19,    15.67,     7.42,    10.31
      251.0,      11.86,    14.18,    15.63,     7.39,    10.25
      252.0,      11.83,    14.16,    15.59,     7.36,    10.20
      253.0,      11.80,    14.15,    15.55,     7.34,    10.15
      254.0,      11.77,    14.13,    15.51,     7.31,    10.10
      255.0,      11.73,    14.12,    15.48,     7.28,    10.05
      256.0,      11.70,    14.11,    15.44,     7.25,    10.01
      257.0,      11.67,    14.09,    15.40,     7.23,     9.96
      258.0,      11.64,    14.08,    15.36,     7.20,     9.91
      259.0,      11.60,    14.06,    15.32,     7.17,     9.86
      260.0,      11.57,    14.05,    15.29,     7.14,     9.81
      261.0,      11.54,    14.04,    15.25,     7.12,     9.76
      262.0,      11.51,    14.02,    15.21,     7.09,     9.71
      263.0,      11.48,    14.01,    15.17,     7.06,     9.67
      264.0,      11.45,    13.99,    15.14,     7.04,     9.62
      265.0,      11.41,    13.98,    15.10,     7.01,     9.57
      266.0,      11.38,    13.96,    15.06,     6.98,     9.52
      267.0,      11.35,    13.95,    15.03,     6.96,     9.48
      268.0,      11.32,    13.94,    14.99,     6.93,     9.43
      269.0,      11.29,    13.92,    14.95,     6.90,     9.38
      270.0,      11.26,    13.91,    14.92,     6.88,     9.34
      271.0,      11.23,    13.89,    14.88,     6.85,     9.29
      272.0,      11.20,    13.88,    14.84,     6.83,     9.25
      273.0,      11.17,    13.87,    14.81,     6.80,     9.20
      274.0,      11.14,    13.85,    14.77,     6.77,     9.16
      275.0,      11.11,    13.84,    14.73,     6.75,     9.11
      276.0,      11.08,    13.82,    14.70,     6.72,     9.07
      277.0,      11.05,    13.81,    14.66,     6.70,     9.02
      278.0,      11.02,    13.80,    14.63,     6.67,     8.98
      279.0,      10.99,    13.78,    14.59,     6.65,     8.93
      280.0,      10.96,    13.77,    14.55,     6.62,     8.89
      281.0,      10.93,    13.75,    14.52,     6.60,     8.85
      282.0,      10.90,    13.74,    14.48,     6.57,     8.80
      283.0,      10.87,    13.73,    14.45,     6.55,     8.76
      284.0,      10.84,    13.71,    14.41,     6.52,     8.72
      285.0,      10.81,    13.70,    14.38,     6.50,     8.67
      286.0,      10.78,    13.69,    14.34,     6.47,     8.63
      287.0,      10.75,    13.67,    14.31,     6.45,     8.59
      288.0,      10.73,    13.66,    14.27,     6.42,     8.55
      289.0,      10.70,    13.64,    14.24,     6.40,     8.51
      290.0,      10.67,    13.63,    14.20,     6.38,     8.46
      291.0,      10.64,    13.62,    14.17,     6.35,     8.42
      292.0,      10.61,    13.60,    14.13,     6.33,     8.38
      293.0,      10.58,    13.59,    14.10,     6.30,     8.34
      294.0,      10.55,    13.58,    14.06,     6.28,     8.30
      295.0,      10.53,    13.56,    14.03,     6.26,     8.26
      296.0,      10.50,    13.55,    14.00,     6.23,     8.22
      297.0,      10.47,    13.54,    13.96,     6.21,     8.18
      298.0,      10.44,    13.52,    13.93,     6.18,     8.14
      299.0,      10.42,    13.51,    13.89,     6.16,     8.10
      300.0,      10.39,    13.50,    13.86,     6.14,     8.06
      301.0,      10.36,    13.48,    13.83,     6.11,     8.02
      302.0,      10.33,    13.47,    13.79,     6.09,     7.98
      303.0,      10.31,    13.45,    13.76,     6.07,     7.94
      304.0,      10.28,    13.44,    13.73,     6.05,     7.90
      305.0,      10.25,    13.43,    13.69,     6.02,     7.86
      306.0,      10.22,    13.41,    13.66,     6.00,     7.82
      307.0,      10.20,    13.40,    13.63,     5.98,     7.79
      308.0,      10.17,    13.39,    13.59,     5.95,     7.75
      309.0,      10.14,    13.37,    13.56,     5.93,     7.71
      310.0,      10.12,    13.36,    13.53,     5.91,     7.67
      311.0,      10.09,    13.35,    13.49,     5.89,     7.63
      312.0,      10.06,    13.33,    13.46,     5.87,     7.60
      313.0,      10.04,    13.32,    13.43,     5.84,     7.56
      314.0,      10.01,    13.31,    13.40,     5.82,     7.52
      315.0,       9.99,    13.29,    13.36,     5.80,     7.49
      316.0,       9.96,    13.28,    13.33,     5.78,     7.45
      317.0,       9.93,    13.27,    13.30,     5.75,     7.41
      318.0,       9.91,    13.25,    13.27,     5.73,     7.38
      319.0,       9.88,    13.24,    13.23,     5.71,     7.34
      320.0,       9.86,    13.23,    13.20,     5.69,     7.31
      321.0,       9.83,    13.21,    13.17,     5.67,     7.27
      322.0,       9.80,    13.20,    13.14,     5.65,     7.23
      323.0,       9.78,    13.19,    13.11,     5.63,     7.20
      324.0,       9.75,    13.17,    13.07,     5.60,     7.16
      325.0,       9.73,    13.16,    13.04,     5.58,     7.13
      326.0,       9.70,    13.15,    13.01,     5.56,     7.09
      327.0,       9.68,    13.13,    12.98,     5.54,     7.06
      328.0,       9.65,    13.12,    12.95,     5.52,     7.02
      329.0,       9.63,    13.11,    12.92,     5.50,     6.99
      330.0,       9.60,    13.10,    12.88,     5.48,     6.96
      331.0,       9.58,    13.08,    12.85,     5.46,     6.92
      332.0,       9.55,    13.07,    12.82,     5.44,     6.89
      333.0,       9.53,    13.06,    12.79,     5.42,     6.85
      334.0,       9.50,    13.04,    12.76,     5.40,     6.82
      335.0,       9.48,    13.03,    12.73,     5.38,     6.79
      336.0,       9.46,    13.02,    12.70,     5.35,     6.75
      337.0,       9.43,    13.00,    12.67,     5.33,     6.72
      338.0,       9.41,    12.99,    12.64,     5.31,     6.69
      339.0,       9.38,    12.98,    12.61,     5.29,     6.66
      340.0,       9.36,    12.97,    12.58,     5.27,     6.62
      341.0,       9.34,    12.95,    12.54,     5.25,     6.59
      342.0,       9.31,    12.94,    12.51,     5.23,     6.56
      343.0,       9.29,    12.93,    12.48,     5.21,     6.53
      344.0,       9.26,    12.91,    12.45,     5.19,     6.50
      345.0,       9.24,    12.90,    12.42,     5.18,     6.46
      346.0,       9.22,    12.89,    12.39,     5.16,     6.43
      347.0,       9.19,    12.87,    12.36,     5.14,     6.40
      348.0,       9.17,    12.86,    12.33,     5.12,     6.37
      349.0,       9.15,    12.85,    12.30,     5.10,     6.34
      350.0,       9.12,    12.84,    12.27,     5.08,     6.31
      351.0,       9.10,    12.82,    12.24,     5.06,     6.28
      352.0,       9.08,    12.81,    12.21,     5.04,     6.25
      353.0,       9.05,    12.80,    12.18,     5.02,     6.22
      354.0,       9.03,    12.78,    12.16,     5.00,     6.19
      355.0,       9.01,    12.77,    12.13,     4.98,     6.16
      356.0,       8.99,    12.76,    12.10,     4.96,     6.13
      357.0,       8.96,    12.75,    12.07,     4.95,     6.10
      358.0,       8.94,    12.73,    12.04,     4.93,     6.07
      359.0,       8.92,    12.72,    12.01,     4.91,     6.04
      360.0,       8.90,    12.71,    11.98,     4.89,     6.01
      361.0,       8.87,    12.70,    11.95,     4.87,     5.98
      362.0,       8.85,    12.68,    11.92,     4.85,     5.95
      363.0,       8.83,    12.67,    11.89,     4.83,     5.92
      364.0,       8.81,    12.66,    11.86,     4.82,     5.89
      365.0,       8.78,    12.64,    11.84,     4.80,     5.86
      366.0,       8.76,    12.63,    11.81,     4.78,     5.83
      367.0,       8.74,    12.62,    11.78,     4.76,     5.81
      368.0,       8.72,    12.61,    11.75,     4.74,     5.78
      369.0,       8.70,    12.59,    11.72,     4.73,     5.75
      370.0,       8.68,    12.58,    11.69,     4.71,     5.72
      371.0,       8.65,    12.57,    11.66,     4.69,     5.69
      372.0,       8.63,    12.56,    11.64,     4.67,     5.67
      373.0,       8.61,    12.54,    11.61,     4.65,     5.64
      374.0,       8.59,    12.53,    11.58,     4.64,     5.61
      375.0,       8.57,    12.52,    11.55,     4.62,     5.58
      376.0,       8.55,    12.51,    11.52,     4.60,     5.56
      377.0,       8.53,    12.49,    11.50,     4.58,     5.53
      378.0,       8.50,    12.48,    11.47,     4.57,     5.50
      379.0,       8.48,    12.47,    11.44,     4.55,     5.47
      380.0,       8.46,    12.46,    11.41,     4.53,     5.45
      381.0,       8.44,    12.44,    11.39,     4.52,     5.42
      382.0,       8.42,    12.43,    11.36,     4.50,     5.40
      383.0,       8.40,    12.42,    11.33,     4.48,     5.37
      384.0,       8.38,    12.41,    11.30,     4.46,     5.34
      385.0,       8.36,    12.39,    11.28,     4.45,     5.32
      386.0,       8.34,    12.38,    11.25,     4.43,     5.29
      387.0,       8.32,    12.37,    11.22,     4.41,     5.27
      388.0,       8.30,    12.36,    11.19,     4.40,     5.24
      389.0,       8.28,    12.34,    11.17,     4.38,     5.21
      390.0,       8.26,    12.33,    11.14,     4.36,     5.19
      391.0,       8.24,    12.32,    11.11,     4.35,     5.16
      392.0,       8.22,    12.31,    11.09,     4.33,     5.14
      393.0,       8.20,    12.30,    11.06,     4.31,     5.11
      394.0,       8.18,    12.28,    11.03,     4.30,     5.09
      395.0,       8.16,    12.27,    11.01,     4.28,     5.06
      396.0,       8.14,    12.26,    10.98,     4.27,     5.04
      397.0,       8.12,    12.25,    10.95,     4.25,     5.01
      398.0,       8.10,    12.23,    10.93,     4.23,     4.99
      399.0,       8.08,    12.22,    10.90,     4.22,     4.97
      400.0,       8.06,    12.21,    10.87,     4.20,     4.94
