Radius (km), Mean (m/s), NE (m/s), SE (m/s), SW (m/s), NW (m/s)
        0.0,       0.00,     0.00,     0.00,     0.00,     0.00
        1.0,       2.22,     2.22,     2.22,     2.22,     2.22
        2.0,       3.61,     3.61,     3.61,     3.61,     3.61
        3.0,       4.79,     4.79,     4.79,     4.79,     4.79
        4.0,       5.86,     5.86,     5.86,     5.86,     5.86
        5.0,       6.84,     6.84,     6.84,     6.84,     6.84
        6.0,       7.77,     7.77,     7.77,     7.77,     7.77
        7.0,       8.66,     8.66,     8.66,     8.66,     8.66
        8.0,       9.51,     9.51,     9.51,     9.51,     9.51
        9.0,      10.32,    10.32,    10.32,    10.32,    10.32
       10.0,      11.11,    11.11,    11.11,    11.11,    11.11
       11.0,      11.88,    11.88,    11.88,    11.88,    11.88
       12.0,      12.62,    12.62,    12.62,    12.62,    12.62
       13.0,      13.35,    13.35,    13.35,    13.35,    13.35
       14.0,      14.06,    14.06,    14.06,    14.06,    14.06
       15.0,      14.75,    14.75,    14.75,    14.75,    14.75
       16.0,      15.43,    15.43,    15.43,    15.43,    15.43
       17.0,      16.10,    16.10,    16.10,    16.10,    16.10
       18.0,      16.76,    16.76,    16.76,    16.76,    16.76
       19.0,      17.40,    17.40,    17.40,    17.40,    17.40
       20.0,      18.04,    18.04,    18.04,    18.04,    18.04
       21.0,      18.67,    18.67,    18.67,    18.67,    18.67
       22.0,      19.30,    19.31,    19.30,    19.29,    19.32
       23.0,      19.97,    19.98,    19.97,    19.93,    19.99
       24.0,      20.68,    20.71,    20.69,    20.61,    20.72
       25.0,      21.46,    21.52,    21.48,    21.35,    21.51
       26.0,      22.31,    22.41,    22.34,    22.15,    22.35
       27.0,      23.21,    23.35,    23.25,    23.01,    23.22
       28.0,      24.13,    24.32,    24.18,    23.90,    24.11
       29.0,      25.02,    25.27,    25.10,    24.78,    24.96
       30.0,      25.86,    26.13,    25.94,    25.61,    25.74
       31.0,      26.58,    26.87,    26.66,    26.36,    26.41
       32.0,      27.16,    27.45,    27.24,    26.97,    26.96
       33.0,      27.57,    27.85,    27.65,    27.43,    27.36
       34.0,      27.82,    28.06,    27.89,    27.72,    27.63
       35.0,      27.92,    28.09,    27.97,    27.86,    27.76
       36.0,      27.89,    27.98,    27.91,    27.86,    27.80
       37.0,      27.76,    27.76,    27.76,    27.76,    27.76
       38.0,      27.57,    27.48,    27.55,    27.59,    27.67
       39.0,      27.35,    27.17,    27.30,    27.38,    27.56
       40.0,      27.13,    26.85,    27.06,    27.15,    27.45
       41.0,      26.91,    26.54,    26.81,    26.93,    27.34
       42.0,      26.70,    26.24,    26.58,    26.73,    27.24
       43.0,      26.50,    25.96,    26.37,    26.54,    27.14
       44.0,      26.31,    25.69,    26.15,    26.35,    27.04
       45.0,      26.12,    25.42,    25.95,    26.17,    26.94
       46.0,      25.94,    25.16,    25.75,    26.00,    26.84
       47.0,      25.76,    24.91,    25.55,    25.83,    26.75
       48.0,      25.59,    24.66,    25.36,    25.67,    26.65
       49.0,      25.42,    24.42,    25.18,    25.51,    26.56
       50.0,      25.25,    24.18,    25.00,    25.35,    26.47
       51.0,      25.09,    23.96,    24.82,    25.20,    26.38
       52.0,      24.93,    23.73,    24.65,    25.06,    26.29
       53.0,      24.78,    23.52,    24.48,    24.91,    26.20
       54.0,      24.63,    23.31,    24.32,    24.78,    26.12
       55.0,      24.48,    23.10,    24.16,    24.64,    26.03
       56.0,      24.34,    22.90,    24.01,    24.51,    25.94
       57.0,      24.20,    22.70,    23.86,    24.38,    25.86
       58.0,      24.06,    22.51,    23.71,    24.26,    25.78
       59.0,      23.93,    22.33,    23.57,    24.13,    25.70
       60.0,      23.80,    22.15,    23.43,    24.02,    25.62
       61.0,      23.67,    21.97,    23.29,    23.90,    25.54
       62.0,      23.55,    21.80,    23.16,    23.79,    25.46
       63.0,      23.43,    21.63,    23.03,    23.68,    25.38
       64.0,      23.31,    21.47,    22.91,    23.57,    25.30
       65.0,      23.20,    21.31,    22.78,    23.46,    25.23
       66.0,      23.08,    21.15,    22.66,    23.36,    25.15
       67.0,      22.97,    21.00,    22.55,    23.26,    25.08
       68.0,      22.86,    20.86,    22.43,    23.16,    25.00
       69.0,      22.76,    20.71,    22.32,    23.07,    24.93
       70.0,      22.65,    20.57,    22.21,    22.98,    24.86
       71.0,      22.55,    20.43,    22.11,    22.88,    24.79
       72.0,      22.45,    20.30,    22.00,    22.79,    24.72
       73.0,      22.36,    20.17,    21.90,    22.71,    24.65
       74.0,      22.26,    20.04,    21.80,    22.62,    24.58
       75.0,      22.17,    19.92,    21.70,    22.54,    24.51
       76.0,      22.08,    19.80,    21.61,    22.46,    24.45
       77.0,      21.99,    19.68,    21.52,    22.38,    24.38
       78.0,      21.90,    19.56,    21.43,    22.30,    24.32
       79.0,      21.82,    19.45,    21.34,    22.22,    24.25
       80.0,      21.73,    19.34,    21.25,    22.14,    24.19
       81.0,      21.65,    19.23,    21.17,    22.07,    24.13
       82.0,      21.57,    19.13,    21.09,    22.00,    24.06
       83.0,      21.49,    19.03,    21.01,    21.92,    24.00
       84.0,      21.41,    18.93,    20.93,    21.85,    23.94
       85.0,      21.34,    18.83,    20.85,    21.79,    23.88
       86.0,      21.26,    18.73,    20.77,    21.72,    23.82
       87.0,      21.19,    18.64,    20.70,    21.65,    23.76
       88.0,      21.12,    18.55,    20.63,    21.59,    23.70
       89.0,      21.05,    18.46,    20.56,    21.52,    23.65
       90.0,      20.98,    18.37,    20.49,    21.46,    23.59
       91.0,      20.91,    18.29,    20.42,    21.40,    23.53
       92.0,      20.84,    18.21,    20.35,    21.33,    23.48
       93.0,      20.78,    18.12,    20.29,    21.27,    23.42
       94.0,      20.71,    18.05,    20.22,    21.21,    23.37
       95.0,      20.65,    17.97,    20.16,    21.16,    23.31
       96.0,      20.59,    17.89,    20.10,    21.10,    23.26
       97.0,      20.53,    17.82,    20.04,    21.04,    23.20
       98.0,      20.47,    17.75,    19.98,    20.98,    23.15
       99.0,      20.41,    17.67,    19.92,    20.93,    23.10
      100.0,      20.35,    17.61,    19.86,    20.87,    23.05
      101.0,      20.29,    17.54,    19.81,    20.82,    23.00
      102.0,      20.23,    17.47,    19.75,    20.77,    22.95
      103.0,      20.18,    17.41,    19.70,    20.71,    22.90
      104.0,      20.13,    17.34,    19.65,    20.66,    22.85
      105.0,      20.07,    17.28,    19.59,    20.61,    22.80
      106.0,      20.02,    17.22,    19.54,    20.56,    22.75
      107.0,      19.97,    17.16,    19.49,    20.51,    22.70
      108.0,      19.92,    17.10,    19.44,    20.46,    22.66
      109.0,      19.86,    17.04,    19.40,    20.41,    22.61
      110.0,      19.82,    16.99,    19.35,    20.36,    22.56
      111.0,      19.77,    16.93,    19.30,    20.32,    22.52
      112.0,      19.72,    16.88,    19.25,    20.27,    22.47
      113.0,      19.67,    16.83,    19.21,    20.22,    22.42
      114.0,      19.62,    16.77,    19.16,    20.17,    22.38
      115.0,      19.58,    16.72,    19.12,    20.13,    22.33
      116.0,      19.53,    16.67,    19.08,    20.08,    22.29
      117.0,      19.49,    16.63,    19.03,    20.04,    22.25
      118.0,      19.44,    16.58,    18.99,    19.99,    22.20
      119.0,      19.40,    16.53,    18.95,    19.95,    22.16
      120.0,      19.35,    16.48,    18.91,    19.90,    22.12
      121.0,      19.31,    16.44,    18.87,    19.86,    22.08
      122.0,      19.27,    16.40,    18.83,    19.82,    22.03
      123.0,      19.23,    16.35,    18.79,    19.77,    21.99
      124.0,      19.19,    16.31,    18.75,    19.73,    21.95
      125.0,      19.15,    16.27,    18.71,    19.69,    21.91
      126.0,      19.11,    16.23,    18.68,    19.65,    21.87
      127.0,      19.07,    16.19,    18.64,    19.61,    21.83
      128.0,      19.03,    16.15,    18.60,    19.57,    21.79
      129.0,      18.99,    16.11,    18.57,    19.52,    21.75
      130.0,      18.95,    16.07,    18.53,    19.48,    21.71
      131.0,      18.91,    16.03,    18.50,    19.44,    21.67
      132.0,      18.87,    15.99,    18.46,    19.40,    21.64
      133.0,      18.84,    15.96,    18.43,    19.36,    21.60
      134.0,      18.80,    15.92,    18.39,    19.32,    21.56
      135.0,      18.76,    15.89,    18.36,    19.28,    21.52
      136.0,      18.73,    15.85,    18.33,    19.25,    21.49
      137.0,      18.69,    15.82,    18.29,    19.21,    21.45
      138.0,      18.66,    15.78,    18.26,    19.17,    21.41
      139.0,      18.62,    15.75,    18.23,    19.13,    21.38
      140.0,      18.59,    15.72,    18.20,    19.09,    21.34
      141.0,      18.55,    15.69,    18.17,    19.05,    21.30
      142.0,      18.52,    15.65,    18.13,    19.02,    21.27
      143.0,      18.48,    15.62,    18.10,    18.98,    21.23
      144.0,      18.45,    15.59,    18.07,    18.94,    21.20
      145.0,      18.42,    15.56,    18.04,    18.90,    21.16
      146.0,      18.38,    15.53,    18.01,    18.87,    21.13
      147.0,      18.35,    15.50,    17.98,    18.83,    21.09
      148.0,      18.32,    15.47,    17.95,    18.79,    21.06
      149.0,      18.29,    15.45,    17.93,    18.76,    21.03
      150.0,      18.26,    15.42,    17.90,    18.72,    20.99
      151.0,      18.23,    15.39,    17.87,    18.68,    20.96
      152.0,      18.19,    15.36,    17.84,    18.65,    20.93
      153.0,      18.16,    15.33,    17.81,    18.61,    20.89
      154.0,      18.13,    15.31,    17.78,    18.58,    20.86
      155.0,      18.10,    15.28,    17.76,    18.54,    20.83
      156.0,      18.07,    15.26,    17.73,    18.50,    20.80
      157.0,      18.04,    15.23,    17.70,    18.47,    20.77
      158.0,      18.01,    15.20,    17.67,    18.43,    20.73
      159.0,      17.98,    15.18,    17.65,    18.40,    20.70
      160.0,      17.95,    15.15,    17.62,    18.36,    20.67
      161.0,      17.92,    15.13,    17.59,    18.33,    20.64
      162.0,      17.89,    15.11,    17.57,    18.29,    20.61
      163.0,      17.87,    15.08,    17.54,    18.26,    20.58
      164.0,      17.84,    15.06,    17.52,    18.23,    20.55
      165.0,      17.81,    15.04,    17.49,    18.19,    20.52
      166.0,      17.78,    15.01,    17.47,    18.16,    20.49
      167.0,      17.75,    14.99,    17.44,    18.12,    20.46
      168.0,      17.72,    14.97,    17.41,    18.09,    20.43
      169.0,      17.70,    14.94,    17.39,    18.06,    20.40
      170.0,      17.67,    14.92,    17.36,    18.02,    20.37
      171.0,      17.64,    14.90,    17.34,    17.99,    20.34
      172.0,      17.61,    14.88,    17.32,    17.95,    20.31
      173.0,      17.59,    14.86,    17.29,    17.92,    20.28
      174.0,      17.56,    14.84,    17.27,    17.89,    20.25
      175.0,      17.53,    14.81,    17.24,    17.85,    20.22
      176.0,      17.51,    14.79,    17.22,    17.82,    20.20
      177.0,      17.48,    14.77,    17.19,    17.79,    20.17
      178.0,      17.45,    14.75,    17.17,    17.76,    20.14
      179.0,      17.43,    14.73,    17.15,    17.72,    20.11
      180.0,      17.40,    14.71,    17.12,    17.69,    20.08
      181.0,      17.38,    14.69,    17.10,    17.66,    20.06
      182.0,      17.35,    14.67,    17.08,    17.62,    20.03
      183.0,      17.32,    14.65,    17.05,    17.59,    20.00
      184.0,      17.30,    14.63,    17.03,    17.56,    19.98
      185.0,      17.27,    14.61,    17.01,    17.53,    19.95
      186.0,      17.25,    14.59,    16.98,    17.50,    19.92
      187.0,      17.22,    14.57,    16.96,    17.46,    19.89
      188.0,      17.20,    14.56,    16.94,    17.43,    19.87
      189.0,      17.17,    14.54,    16.92,    17.40,    19.84
      190.0,      17.15,    14.52,    16.89,    17.37,    19.82
      191.0,      17.12,    14.50,    16.87,    17.34,    19.79
      192.0,      17.10,    14.48,    16.85,    17.30,    19.76
      193.0,      17.07,    14.46,    16.83,    17.27,    19.74
      194.0,      17.05,    14.44,    16.81,    17.24,    19.71
      195.0,      17.03,    14.43,    16.78,    17.21,    19.69
      196.0,      17.00,    14.41,    16.76,    17.18,    19.66
      197.0,      16.98,    14.39,    16.74,    17.15,    19.63
      198.0,      16.95,    14.37,    16.72,    17.12,    19.61
      199.0,      16.93,    14.36,    16.70,    17.08,    19.58
      200.0,      16.91,    14.34,    16.67,    17.05,    19.56
      201.0,      16.88,    14.32,    16.65,    17.02,    19.53
      202.0,      16.86,    14.30,    16.63,    16.99,    19.51
      203.0,      16.83,    14.29,    16.61,    16.96,    19.48
      204.0,      16.81,    14.27,    16.59,    16.93,    19.46
      205.0,      16.79,    14.25,    16.57,    16.90,    19.44
      206.0,      16.76,    14.23,    16.55,    16.87,    19.41
      207.0,      16.74,    14.22,    16.52,    16.84,    19.39
      208.0,      16.72,    14.20,    16.50,    16.81,    19.36
      209.0,      16.70,    14.18,    16.48,    16.78,    19.34
      210.0,      16.67,    14.17,    16.46,    16.75,    19.31
      211.0,      16.65,    14.15,    16.44,    16.72,    19.29
      212.0,      16.63,    14.14,    16.42,    16.68,    19.27
      213.0,      16.60,    14.12,    16.40,    16.65,    19.24
      214.0,      16.58,    14.10,    16.38,    16.62,    19.22
      215.0,      16.56,    14.09,    16.36,    16.59,    19.20
      216.0,      16.54,    14.07,    16.34,    16.56,    19.17
      217.0,      16.51,    14.05,    16.32,    16.53,    19.15
      218.0,      16.49,    14.04,    16.30,    16.50,    19.13
      219.0,      16.47,    14.02,    16.27,    16.47,    19.10
      220.0,      16.45,    14.01,    16.25,    16.44,    19.08
      221.0,      16.42,    13.99,    16.23,    16.42,    19.06
      222.0,      16.40,    13.98,    16.21,    16.39,    19.03
      223.0,      16.38,    13.96,    16.19,    16.36,    19.01
      224.0,      16.36,    13.94,    16.17,    16.33,    18.99
      225.0,      16.34,    13.93,    16.15,    16.30,    18.96
      226.0,      16.31,    13.91,    16.13,    16.27,    18.94
      227.0,      16.29,    13.90,    16.11,    16.24,    18.92
      228.0,      16.27,    13.88,    16.09,    16.21,    18.90
      229.0,      16.25,    13.87,    16.07,    16.18,    18.87
      230.0,      16.23,    13.85,    16.05,    16.15,    18.85
      231.0,      16.21,    13.84,    16.03,    16.12,    18.83
      232.0,      16.18,    13.82,    16.01,    16.09,    18.81
      233.0,      16.16,    13.81,    15.99,    16.06,    18.79
      234.0,      16.14,    13.79,    15.97,    16.03,    18.76
      235.0,      16.12,    13.78,    15.95,    16.00,    18.74
      236.0,      16.10,    13.76,    15.93,    15.98,    18.72
      237.0,      16.08,    13.75,    15.91,    15.95,    18.70
      238.0,      16.06,    13.73,    15.89,    15.92,    18.68
      239.0,      16.03,    13.72,    15.87,    15.89,    18.65
      240.0,      16.01,    13.70,    15.85,    15.86,    18.63
      241.0,      15.99,    13.69,    15.84,    15.83,    18.61
      242.0,      15.97,    13.67,    15.82,    15.80,    18.59
      243.0,      15.95,    13.66,    15.80,    15.78,    18.57
      244.0,      15.93,    13.64,    15.78,    15.75,    18.55
      245.0,      15.91,    13.63,    15.76,    15.72,    18.53
      246.0,      15.89,    13.62,    15.74,    15.69,    18.51
      247.0,      15.87,    13.60,    15.72,    15.66,    18.48
      248.0,      15.85,    13.59,    15.70,    15.63,    18.46
      249.0,      15.83,    13.57,    15.68,    15.61,    18.44
      250.0,      15.80,    13.56,    15.66,    15.58,    18.42
      251.0,      15.78,    13.54,    15.64,    15.55,    18.40
      252.0,      15.76,    13.53,    15.62,    15.52,    18.38
      253.0,      15.74,    13.51,    15.60,    15.49,    18.36
      254.0,      15.72,    13.50,    15.58,    15.47,    18.34
      255.0,      15.70,    13.49,    15.57,    15.44,    18.32
      256.0,      15.68,    13.47,    15.55,    15.41,    18.30
      257.0,      15.66,    13.46,    15.53,    15.38,    18.28
      258.0,      15.64,    13.44,    15.51,    15.35,    18.26
      259.0,      15.62,    13.43,    15.49,    15.33,    18.24
      260.0,      15.60,    13.42,    15.47,    15.30,    18.21
      261.0,      15.58,    13.40,    15.45,    15.27,    18.19
      262.0,      15.56,    13.39,    15.43,    15.24,    18.17
      263.0,      15.54,    13.37,    15.41,    15.22,    18.15
      264.0,      15.52,    13.36,    15.40,    15.19,    18.13
      265.0,      15.50,    13.35,    15.38,    15.16,    18.11
      266.0,      15.48,    13.33,    15.36,    15.13,    18.09
      267.0,      15.46,    13.32,    15.34,    15.11,    18.07
      268.0,      15.44,    13.31,    15.32,    15.08,    18.05
      269.0,      15.42,    13.29,    15.30,    15.05,    18.03
      270.0,      15.40,    13.28,    15.28,    15.03,    18.01
      271.0,      15.38,    13.26,    15.27,    15.00,    17.99
      272.0,      15.36,    13.25,    15.25,    14.97,    17.97
      273.0,      15.34,    13.24,    15.23,    14.95,    17.95
      274.0,      15.32,    13.22,    15.21,    14.92,    17.93
      275.0,      15.30,    13.21,    15.19,    14.89,    17.91
      276.0,      15.28,    13.20,    15.17,    14.86,    17.90
      277.0,      15.26,    13.18,    15.15,    14.84,    17.88
      278.0,      15.24,    13.17,    15.14,    14.81,    17.86
      279.0,      15.22,    13.16,    15.12,    14.78,    17.84
      280.0,      15.20,    13.14,    15.10,    14.76,    17.82
      281.0,      15.18,    13.13,    15.08,    14.73,    17.80
      282.0,      15.17,    13.11,    15.06,    14.71,    17.78
      283.0,      15.15,    13.10,    15.04,    14.68,    17.76
      284.0,      15.13,    13.09,    15.03,    14.65,    17.74
      285.0,      15.11,    13.07,    15.01,    14.63,    17.72
      286.0,      15.09,    13.06,    14.99,    14.60,    17.70
      287.0,      15.07,    13.05,    14.97,    14.57,    17.68
      288.0,      15.05,    13.03,    14.95,    14.55,    17.66
      289.0,      15.03,    13.02,    14.94,    14.52,    17.64
      290.0,      15.01,    13.01,    14.92,    14.50,    17.63
      291.0,      14.99,    13.00,    14.90,    14.47,    17.61
      292.0,      14.97,    12.98,    14.88,    14.44,    17.59
      293.0,      14.95,    12.97,    14.86,    14.42,    17.57
      294.0,      14.94,    12.96,    14.85,    14.39,    17.55
      295.0,      14.92,    12.94,    14.83,    14.37,    17.53
      296.0,      14.90,    12.93,    14.81,    14.34,    17.51
      297.0,      14.88,    12.92,    14.79,    14.31,    17.49
      298.0,      14.86,    12.90,    14.77,    14.29,    17.47
      299.0,      14.84,    12.89,    14.76,    14.26,    17.46
      300.0,      14.82,    12.88,    14.74,    14.24,    17.44
      301.0,      14.80,    12.86,    14.72,    14.21,    17.42
      302.0,      14.78,    12.85,    14.70,    14.19,    17.40
      303.0,      14.77,    12.84,    14.69,    14.16,    17.38
      304.0,      14.75,    12.82,    14.67,    14.13,    17.36
      305.0,      14.73,    12.81,    14.65,    14.11,    17.34
      306.0,      14.71,    12.80,    14.63,    14.08,    17.33
      307.0,      14.69,    12.79,    14.61,    14.06,    17.31
      308.0,      14.67,    12.77,    14.60,    14.03,    17.29
      309.0,      14.65,    12.76,    14.58,    14.01,    17.27
      310.0,      14.64,    12.75,    14.56,    13.98,    17.25
      311.0,      14.62,    12.73,    14.54,    13.96,    17.23
      312.0,      14.60,    12.72,    14.53,    13.93,    17.22
      313.0,      14.58,    12.71,    14.51,    13.91,    17.20
      314.0,      14.56,    12.70,    14.49,    13.88,    17.18
      315.0,      14.54,    12.68,    14.47,    13.86,    17.16
      316.0,      14.53,    12.67,    14.46,    13.83,    17.14
      317.0,      14.51,    12.66,    14.44,    13.81,    17.13
      318.0,      14.49,    12.64,    14.42,    13.78,    17.11
      319.0,      14.47,    12.63,    14.40,    13.76,    17.09
      320.0,      14.45,    12.62,    14.39,    13.73,    17.07
      321.0,      14.43,    12.61,    14.37,    13.71,    17.05
      322.0,      14.42,    12.59,    14.35,    13.68,    17.04
      323.0,      14.40,    12.58,    14.34,    13.66,    17.02
      324.0,      14.38,    12.57,    14.32,    13.63,    17.00
      325.0,      14.36,    12.56,    14.30,    13.61,    16.98
      326.0,      14.34,    12.54,    14.28,    13.59,    16.96
      327.0,      14.33,    12.53,    14.27,    13.56,    16.95
      328.0,      14.31,    12.52,    14.25,    13.54,    16.93
      329.0,      14.29,    12.50,    14.23,    13.51,    16.91
      330.0,      14.27,    12.49,    14.21,    13.49,    16.89
      331.0,      14.25,    12.48,    14.20,    13.46,    16.88
      332.0,      14.24,    12.47,    14.18,    13.44,    16.86
      333.0,      14.22,    12.45,    14.16,    13.42,    16.84
      334.0,      14.20,    12.44,    14.15,    13.39,    16.82
      335.0,      14.18,    12.43,    14.13,    13.37,    16.80
      336.0,      14.17,    12.42,    14.11,    13.34,    16.79
      337.0,      14.15,    12.40,    14.10,    13.32,    16.77
      338.0,      14.13,    12.39,    14.08,    13.30,    16.75
      339.0,      14.11,    12.38,    14.06,    13.27,    16.73
      340.0,      14.09,    12.37,    14.04,    13.25,    16.72
      341.0,      14.08,    12.35,    14.03,    13.22,    16.70
      342.0,      14.06,    12.34,    14.01,    13.20,    16.68
      343.0,      14.04,    12.33,    13.99,    13.18,    16.67
      344.0,      14.02,    12.32,    13.98,    13.15,    16.65
      345.0,      14.01,    12.31,    13.96,    13.13,    16.63
      346.0,      13.99,    12.29,    13.94,    13.11,    16.61
      347.0,      13.97,    12.28,    13.93,    13.08,    16.60
      348.0,      13.95,    12.27,    13.91,    13.06,    16.58
      349.0,      13.94,    12.26,    13.89,    13.04,    16.56
      350.0,      13.92,    12.24,    13.88,    13.01,    16.54
      351.0,      13.90,    12.23,    13.86,    12.99,    16.53
      352.0,      13.88,    12.22,    13.84,    12.97,    16.51
      353.0,      13.87,    12.21,    13.83,    12.94,    16.49
      354.0,      13.85,    12.19,    13.81,    12.92,    16.48
      355.0,      13.83,    12.18,    13.79,    12.90,    16.46
      356.0,      13.82,    12.17,    13.78,    12.87,    16.44
      357.0,      13.80,    12.16,    13.76,    12.85,    16.43
      358.0,      13.78,    12.15,    13.74,    12.83,    16.41
      359.0,      13.76,    12.13,    13.73,    12.80,    16.39
      360.0,      13.75,    12.12,    13.71,    12.78,    16.37
      361.0,      13.73,    12.11,    13.69,    12.76,    16.36
      362.0,      13.71,    12.10,    13.68,    12.73,    16.34
      363.0,      13.70,    12.09,    13.66,    12.71,    16.32
      364.0,      13.68,    12.07,    13.64,    12.69,    16.31
      365.0,      13.66,    12.06,    13.63,    12.67,    16.29
      366.0,      13.64,    12.05,    13.61,    12.64,    16.27
      367.0,      13.63,    12.04,    13.60,    12.62,    16.26
      368.0,      13.61,    12.02,    13.58,    12.60,    16.24
      369.0,      13.59,    12.01,    13.56,    12.57,    16.22
      370.0,      13.58,    12.00,    13.55,    12.55,    16.21
      371.0,      13.56,    11.99,    13.53,    12.53,    16.19
      372.0,      13.54,    11.98,    13.51,    12.51,    16.17
      373.0,      13.53,    11.96,    13.50,    12.48,    16.16
      374.0,      13.51,    11.95,    13.48,    12.46,    16.14
      375.0,      13.49,    11.94,    13.46,    12.44,    16.12
      376.0,      13.48,    11.93,    13.45,    12.42,    16.11
      377.0,      13.46,    11.92,    13.43,    12.40,    16.09
      378.0,      13.44,    11.90,    13.42,    12.37,    16.07
      379.0,      13.43,    11.89,    13.40,    12.35,    16.06
      380.0,      13.41,    11.88,    13.38,    12.33,    16.04
      381.0,      13.39,    11.87,    13.37,    12.31,    16.02
      382.0,      13.38,    11.86,    13.35,    12.28,    16.01
      383.0,      13.36,    11.85,    13.34,    12.26,    15.99
      384.0,      13.34,    11.83,    13.32,    12.24,    15.97
      385.0,      13.33,    11.82,    13.30,    12.22,    15.96
      386.0,      13.31,    11.81,    13.29,    12.20,    15.94
      387.0,      13.29,    11.80,    13.27,    12.17,    15.93
      388.0,      13.28,    11.79,    13.26,    12.15,    15.91
      389.0,      13.26,    11.77,    13.24,    12.13,    15.89
      390.0,      13.24,    11.76,    13.22,    12.11,    15.88
      391.0,      13.23,    11.75,    13.21,    12.09,    15.86
      392.0,      13.21,    11.74,    13.19,    12.07,    15.84
      393.0,      13.19,    11.73,    13.18,    12.04,    15.83
      394.0,      13.18,    11.72,    13.16,    12.02,    15.81
      395.0,      13.16,    11.70,    13.14,    12.00,    15.80
      396.0,      13.14,    11.69,    13.13,    11.98,    15.78
      397.0,      13.13,    11.68,    13.11,    11.96,    15.76
      398.0,      13.11,    11.67,    13.10,    11.94,    15.75
      399.0,      13.10,    11.66,    13.08,    11.91,    15.73
      400.0,      13.08,    11.65,    13.07,    11.89,    15.71
