Radius (km), Mean (m/s), NE (m/s), SE (m/s), SW (m/s), NW (m/s)
        0.0,       0.00,     0.00,     0.00,     0.00,     0.00
        1.0,       1.41,     1.49,     1.45,     1.45,     1.25
        2.0,       2.16,     2.23,     2.20,     2.20,     2.01
        3.0,       2.78,     2.83,     2.82,     2.82,     2.66
        4.0,       3.32,     3.35,     3.35,     3.35,     3.24
        5.0,       3.82,     3.81,     3.84,     3.84,     3.78
        6.0,       4.27,     4.24,     4.28,     4.28,     4.29
        7.0,       4.70,     4.64,     4.70,     4.70,     4.77
        8.0,       5.11,     5.01,     5.10,     5.10,     5.23
        9.0,       5.50,     5.37,     5.47,     5.47,     5.67
       10.0,       5.87,     5.71,     5.83,     5.83,     6.10
       11.0,       6.23,     6.04,     6.18,     6.18,     6.51
       12.0,       6.57,     6.35,     6.51,     6.51,     6.91
       13.0,       6.91,     6.66,     6.83,     6.83,     7.31
       14.0,       7.23,     6.95,     7.15,     7.15,     7.69
       15.0,       7.55,     7.24,     7.45,     7.45,     8.06
       16.0,       7.86,     7.51,     7.75,     7.75,     8.43
       17.0,       8.16,     7.78,     8.04,     8.04,     8.79
       18.0,       8.46,     8.05,     8.32,     8.32,     9.14
       19.0,       8.75,     8.30,     8.59,     8.59,     9.49
       20.0,       9.03,     8.56,     8.87,     8.87,     9.83
       21.0,       9.31,     8.80,     9.13,     9.13,    10.17
       22.0,       9.58,     9.05,     9.39,     9.39,    10.50
       23.0,       9.85,     9.28,     9.65,     9.65,    10.82
       24.0,      10.11,     9.52,     9.90,     9.90,    11.15
       25.0,      10.38,     9.75,    10.15,    10.15,    11.46
       26.0,      10.63,     9.97,    10.39,    10.39,    11.78
       27.0,      10.88,    10.19,    10.63,    10.63,    12.09
       28.0,      11.13,    10.41,    10.86,    10.86,    12.40
       29.0,      11.38,    10.63,    11.10,    11.10,    12.70
       30.0,      11.62,    10.84,    11.33,    11.33,    13.00
       31.0,      11.86,    11.05,    11.55,    11.55,    13.30
       32.0,      12.10,    11.26,    11.78,    11.78,    13.59
       33.0,      12.33,    11.46,    12.00,    12.00,    13.88
       34.0,      12.57,    11.66,    12.22,    12.22,    14.17
       35.0,      12.79,    11.86,    12.43,    12.43,    14.45
       36.0,      13.02,    12.06,    12.65,    12.65,    14.74
       37.0,      13.25,    12.25,    12.86,    12.86,    15.02
       38.0,      13.47,    12.44,    13.07,    13.07,    15.30
       39.0,      13.69,    12.63,    13.27,    13.27,    15.57
       40.0,      13.91,    12.82,    13.48,    13.48,    15.85
       41.0,      14.12,    13.01,    13.68,    13.68,    16.12
       42.0,      14.34,    13.19,    13.88,    13.88,    16.39
       43.0,      14.55,    13.37,    14.08,    14.08,    16.66
       44.0,      14.76,    13.55,    14.28,    14.28,    16.92
       45.0,      14.97,    13.73,    14.47,    14.47,    17.19
       46.0,      15.17,    13.91,    14.67,    14.67,    17.45
       47.0,      15.38,    14.08,    14.86,    14.86,    17.71
       48.0,      15.58,    14.26,    15.05,    15.05,    17.97
       49.0,      15.78,    14.43,    15.24,    15.24,    18.23
       50.0,      15.98,    14.60,    15.42,    15.42,    18.48
       51.0,      16.18,    14.77,    15.61,    15.61,    18.73
       52.0,      16.38,    14.94,    15.79,    15.79,    18.99
       53.0,      16.57,    15.11,    15.98,    15.98,    19.24
       54.0,      16.77,    15.27,    16.16,    16.16,    19.49
       55.0,      16.96,    15.44,    16.34,    16.34,    19.73
       56.0,      17.15,    15.60,    16.52,    16.52,    19.98
       57.0,      17.34,    15.76,    16.69,    16.69,    20.23
       58.0,      17.53,    15.92,    16.87,    16.87,    20.47
       59.0,      17.72,    16.08,    17.05,    17.05,    20.71
       60.0,      17.91,    16.24,    17.22,    17.22,    20.95
       61.0,      18.09,    16.40,    17.39,    17.39,    21.19
       62.0,      18.28,    16.55,    17.56,    17.56,    21.43
       63.0,      18.46,    16.71,    17.74,    17.74,    21.67
       64.0,      18.64,    16.86,    17.91,    17.91,    21.91
       65.0,      18.83,    17.02,    18.07,    18.07,    22.14
       66.0,      19.01,    17.17,    18.24,    18.24,    22.38
       67.0,      19.19,    17.32,    18.41,    18.41,    22.61
       68.0,      19.36,    17.47,    18.57,    18.57,    22.84
       69.0,      19.54,    17.62,    18.74,    18.74,    23.07
       70.0,      19.72,    17.77,    18.90,    18.90,    23.30
       71.0,      19.89,    17.91,    19.06,    19.06,    23.53
       72.0,      20.07,    18.06,    19.23,    19.23,    23.76
       73.0,      20.24,    18.21,    19.39,    19.39,    23.98
       74.0,      20.41,    18.35,    19.55,    19.55,    24.21
       75.0,      20.59,    18.50,    19.71,    19.71,    24.44
       76.0,      20.76,    18.64,    19.86,    19.86,    24.66
       77.0,      20.93,    18.78,    20.02,    20.02,    24.88
       78.0,      21.10,    18.92,    20.18,    20.18,    25.11
       79.0,      21.27,    19.07,    20.34,    20.34,    25.34
       80.0,      21.46,    19.21,    20.52,    20.52,    25.60
       81.0,      21.67,    19.35,    20.72,    20.72,    25.89
       82.0,      21.91,    19.50,    20.96,    20.95,    26.24
       83.0,      22.18,    19.67,    21.22,    21.21,    26.64
       84.0,      22.48,    19.85,    21.50,    21.50,    27.07
       85.0,      22.78,    20.06,    21.79,    21.78,    27.51
       86.0,      23.08,    20.27,    22.07,    22.05,    27.93
       87.0,      23.34,    20.48,    22.30,    22.28,    28.28
       88.0,      23.54,    20.67,    22.48,    22.46,    28.55
       89.0,      23.67,    20.82,    22.59,    22.57,    28.70
       90.0,      23.72,    20.93,    22.63,    22.61,    28.72
       91.0,      23.69,    20.98,    22.59,    22.57,    28.63
       92.0,      23.58,    20.96,    22.48,    22.47,    28.42
       93.0,      23.41,    20.88,    22.31,    22.32,    28.13
       94.0,      23.19,    20.75,    22.11,    22.13,    27.78
       95.0,      22.95,    20.57,    21.90,    21.92,    27.40
       96.0,      22.70,    20.38,    21.68,    21.72,    27.02
       97.0,      22.45,    20.17,    21.46,    21.51,    26.65
       98.0,      22.21,    19.97,    21.26,    21.32,    26.30
       99.0,      21.99,    19.78,    21.07,    21.14,    25.97
      100.0,      21.78,    19.61,    20.89,    20.97,    25.66
      101.0,      21.58,    19.44,    20.72,    20.81,    25.36
      102.0,      21.39,    19.29,    20.55,    20.65,    25.08
      103.0,      21.21,    19.14,    20.39,    20.50,    24.80
      104.0,      21.03,    19.00,    20.24,    20.35,    24.53
      105.0,      20.86,    18.86,    20.09,    20.21,    24.28
      106.0,      20.69,    18.72,    19.94,    20.08,    24.03
      107.0,      20.53,    18.59,    19.80,    19.94,    23.79
      108.0,      20.38,    18.46,    19.67,    19.82,    23.56
      109.0,      20.23,    18.33,    19.54,    19.69,    23.34
      110.0,      20.08,    18.21,    19.42,    19.57,    23.13
      111.0,      19.94,    18.09,    19.29,    19.46,    22.92
      112.0,      19.81,    17.98,    19.18,    19.35,    22.72
      113.0,      19.68,    17.86,    19.06,    19.24,    22.53
      114.0,      19.55,    17.75,    18.96,    19.14,    22.35
      115.0,      19.43,    17.65,    18.85,    19.04,    22.17
      116.0,      19.31,    17.54,    18.75,    18.94,    22.00
      117.0,      19.19,    17.44,    18.65,    18.85,    21.83
      118.0,      19.08,    17.34,    18.55,    18.76,    21.67
      119.0,      18.97,    17.24,    18.46,    18.67,    21.52
      120.0,      18.87,    17.15,    18.37,    18.58,    21.37
      121.0,      18.77,    17.05,    18.29,    18.50,    21.22
      122.0,      18.67,    16.96,    18.20,    18.42,    21.08
      123.0,      18.57,    16.87,    18.12,    18.34,    20.95
      124.0,      18.48,    16.79,    18.04,    18.27,    20.82
      125.0,      18.39,    16.70,    17.97,    18.19,    20.70
      126.0,      18.30,    16.62,    17.89,    18.12,    20.57
      127.0,      18.22,    16.54,    17.82,    18.06,    20.46
      128.0,      18.14,    16.46,    17.75,    17.99,    20.34
      129.0,      18.06,    16.38,    17.68,    17.93,    20.24
      130.0,      17.98,    16.30,    17.62,    17.86,    20.13
      131.0,      17.90,    16.22,    17.56,    17.80,    20.03
      132.0,      17.83,    16.15,    17.50,    17.74,    19.93
      133.0,      17.76,    16.08,    17.44,    17.69,    19.83
      134.0,      17.69,    16.01,    17.38,    17.63,    19.74
      135.0,      17.62,    15.94,    17.32,    17.58,    19.65
      136.0,      17.56,    15.87,    17.27,    17.52,    19.56
      137.0,      17.49,    15.80,    17.21,    17.47,    19.48
      138.0,      17.43,    15.73,    17.16,    17.42,    19.40
      139.0,      17.37,    15.67,    17.11,    17.37,    19.32
      140.0,      17.31,    15.60,    17.06,    17.33,    19.24
      141.0,      17.25,    15.54,    17.01,    17.28,    19.17
      142.0,      17.19,    15.48,    16.97,    17.24,    19.10
      143.0,      17.14,    15.42,    16.92,    17.19,    19.03
      144.0,      17.09,    15.35,    16.88,    17.15,    18.96
      145.0,      17.03,    15.30,    16.84,    17.11,    18.89
      146.0,      16.98,    15.24,    16.79,    17.07,    18.83
      147.0,      16.93,    15.18,    16.75,    17.03,    18.77
      148.0,      16.88,    15.12,    16.71,    16.99,    18.71
      149.0,      16.83,    15.06,    16.67,    16.95,    18.65
      150.0,      16.79,    15.01,    16.64,    16.91,    18.59
      151.0,      16.74,    14.95,    16.60,    16.88,    18.54
      152.0,      16.70,    14.90,    16.56,    16.84,    18.48
      153.0,      16.65,    14.85,    16.53,    16.81,    18.43
      154.0,      16.61,    14.79,    16.49,    16.77,    18.38
      155.0,      16.57,    14.74,    16.46,    16.74,    18.33
      156.0,      16.53,    14.69,    16.43,    16.71,    18.28
      157.0,      16.49,    14.64,    16.39,    16.68,    18.23
      158.0,      16.45,    14.59,    16.36,    16.65,    18.19
      159.0,      16.41,    14.54,    16.33,    16.61,    18.14
      160.0,      16.37,    14.49,    16.30,    16.58,    18.10
      161.0,      16.33,    14.44,    16.27,    16.55,    18.06
      162.0,      16.29,    14.39,    16.24,    16.53,    18.01
      163.0,      16.26,    14.34,    16.21,    16.50,    17.97
      164.0,      16.22,    14.30,    16.18,    16.47,    17.93
      165.0,      16.19,    14.25,    16.15,    16.44,    17.89
      166.0,      16.15,    14.20,    16.13,    16.42,    17.86
      167.0,      16.12,    14.16,    16.10,    16.39,    17.82
      168.0,      16.08,    14.11,    16.07,    16.36,    17.78
      169.0,      16.05,    14.07,    16.05,    16.34,    17.75
      170.0,      16.02,    14.02,    16.02,    16.31,    17.71
      171.0,      15.98,    13.98,    16.00,    16.29,    17.68
      172.0,      15.95,    13.93,    15.97,    16.26,    17.64
      173.0,      15.92,    13.89,    15.95,    16.24,    17.61
      174.0,      15.89,    13.85,    15.92,    16.21,    17.58
      175.0,      15.86,    13.80,    15.90,    16.19,    17.55
      176.0,      15.83,    13.76,    15.88,    16.17,    17.52
      177.0,      15.80,    13.72,    15.85,    16.14,    17.48
      178.0,      15.77,    13.68,    15.83,    16.12,    17.45
      179.0,      15.74,    13.63,    15.81,    16.10,    17.43
      180.0,      15.71,    13.59,    15.79,    16.08,    17.40
      181.0,      15.68,    13.55,    15.76,    16.05,    17.37
      182.0,      15.66,    13.51,    15.74,    16.03,    17.34
      183.0,      15.63,    13.47,    15.72,    16.01,    17.31
      184.0,      15.60,    13.43,    15.70,    15.99,    17.28
      185.0,      15.57,    13.39,    15.68,    15.97,    17.26
      186.0,      15.55,    13.35,    15.66,    15.95,    17.23
      187.0,      15.52,    13.31,    15.64,    15.93,    17.21
      188.0,      15.49,    13.27,    15.62,    15.91,    17.18
      189.0,      15.47,    13.23,    15.60,    15.89,    17.15
      190.0,      15.44,    13.19,    15.58,    15.87,    17.13
      191.0,      15.42,    13.15,    15.56,    15.85,    17.11
      192.0,      15.39,    13.11,    15.54,    15.83,    17.08
      193.0,      15.37,    13.08,    15.52,    15.81,    17.06
      194.0,      15.34,    13.04,    15.50,    15.79,    17.03
      195.0,      15.32,    13.00,    15.48,    15.77,    17.01
      196.0,      15.29,    12.96,    15.46,    15.75,    16.99
      197.0,      15.27,    12.92,    15.44,    15.73,    16.96
      198.0,      15.24,    12.89,    15.42,    15.71,    16.94
      199.0,      15.22,    12.85,    15.41,    15.70,    16.92
      200.0,      15.19,    12.81,    15.39,    15.68,    16.90
      201.0,      15.17,    12.78,    15.37,    15.66,    16.88
      202.0,      15.15,    12.74,    15.35,    15.64,    16.85
      203.0,      15.12,    12.70,    15.33,    15.62,    16.83
      204.0,      15.10,    12.67,    15.32,    15.61,    16.81
      205.0,      15.08,    12.63,    15.30,    15.59,    16.79
      206.0,      15.05,    12.59,    15.28,    15.57,    16.77
      207.0,      15.03,    12.56,    15.26,    15.55,    16.75
      208.0,      15.01,    12.52,    15.25,    15.53,    16.73
      209.0,      14.99,    12.49,    15.23,    15.52,    16.71
      210.0,      14.96,    12.45,    15.21,    15.50,    16.69
      211.0,      14.94,    12.42,    15.19,    15.48,    16.67
      212.0,      14.92,    12.38,    15.18,    15.47,    16.65
      213.0,      14.90,    12.35,    15.16,    15.45,    16.63
      214.0,      14.87,    12.31,    15.14,    15.43,    16.61
      215.0,      14.85,    12.28,    15.13,    15.41,    16.59
      216.0,      14.83,    12.24,    15.11,    15.40,    16.57
      217.0,      14.81,    12.21,    15.09,    15.38,    16.55
      218.0,      14.79,    12.17,    15.08,    15.36,    16.53
      219.0,      14.77,    12.14,    15.06,    15.35,    16.51
      220.0,      14.74,    12.11,    15.04,    15.33,    16.49
      221.0,      14.72,    12.07,    15.03,    15.31,    16.47
      222.0,      14.70,    12.04,    15.01,    15.30,    16.46
      223.0,      14.68,    12.01,    15.00,    15.28,    16.44
      224.0,      14.66,    11.97,    14.98,    15.27,    16.42
      225.0,      14.64,    11.94,    14.96,    15.25,    16.40
      226.0,      14.62,    11.91,    14.95,    15.23,    16.38
      227.0,      14.60,    11.87,    14.93,    15.22,    16.36
      228.0,      14.58,    11.84,    14.92,    15.20,    16.35
      229.0,      14.55,    11.81,    14.90,    15.18,    16.33
      230.0,      14.53,    11.77,    14.88,    15.17,    16.31
      231.0,      14.51,    11.74,    14.87,    15.15,    16.29
      232.0,      14.49,    11.71,    14.85,    15.14,    16.28
      233.0,      14.47,    11.68,    14.84,    15.12,    16.26
      234.0,      14.45,    11.64,    14.82,    15.11,    16.24
      235.0,      14.43,    11.61,    14.81,    15.09,    16.22
      236.0,      14.41,    11.58,    14.79,    15.07,    16.20
      237.0,      14.39,    11.55,    14.78,    15.06,    16.19
      238.0,      14.37,    11.52,    14.76,    15.04,    16.17
      239.0,      14.35,    11.48,    14.74,    15.03,    16.15
      240.0,      14.33,    11.45,    14.73,    15.01,    16.14
      241.0,      14.31,    11.42,    14.71,    15.00,    16.12
      242.0,      14.29,    11.39,    14.70,    14.98,    16.10
      243.0,      14.27,    11.36,    14.68,    14.96,    16.08
      244.0,      14.25,    11.33,    14.67,    14.95,    16.07
      245.0,      14.23,    11.29,    14.65,    14.93,    16.05
      246.0,      14.21,    11.26,    14.64,    14.92,    16.03
      247.0,      14.19,    11.23,    14.62,    14.90,    16.02
      248.0,      14.17,    11.20,    14.61,    14.89,    16.00
      249.0,      14.16,    11.17,    14.59,    14.87,    15.98
      250.0,      14.14,    11.14,    14.58,    14.86,    15.97
      251.0,      14.12,    11.11,    14.56,    14.84,    15.95
      252.0,      14.10,    11.08,    14.55,    14.83,    15.93
      253.0,      14.08,    11.05,    14.53,    14.81,    15.92
      254.0,      14.06,    11.02,    14.52,    14.80,    15.90
      255.0,      14.04,    10.99,    14.50,    14.78,    15.88
      256.0,      14.02,    10.96,    14.49,    14.77,    15.87
      257.0,      14.00,    10.93,    14.47,    14.75,    15.85
      258.0,      13.98,    10.90,    14.46,    14.74,    15.83
      259.0,      13.96,    10.87,    14.44,    14.72,    15.82
      260.0,      13.94,    10.84,    14.43,    14.71,    15.80
      261.0,      13.93,    10.81,    14.41,    14.69,    15.79
      262.0,      13.91,    10.78,    14.40,    14.68,    15.77
      263.0,      13.89,    10.75,    14.39,    14.66,    15.75
      264.0,      13.87,    10.72,    14.37,    14.65,    15.74
      265.0,      13.85,    10.69,    14.36,    14.63,    15.72
      266.0,      13.83,    10.66,    14.34,    14.62,    15.71
      267.0,      13.81,    10.63,    14.33,    14.60,    15.69
      268.0,      13.79,    10.60,    14.31,    14.59,    15.67
      269.0,      13.78,    10.57,    14.30,    14.57,    15.66
      270.0,      13.76,    10.55,    14.28,    14.56,    15.64
      271.0,      13.74,    10.52,    14.27,    14.54,    15.63
      272.0,      13.72,    10.49,    14.25,    14.53,    15.61
      273.0,      13.70,    10.46,    14.24,    14.51,    15.59
      274.0,      13.68,    10.43,    14.23,    14.50,    15.58
      275.0,      13.67,    10.40,    14.21,    14.49,    15.56
      276.0,      13.65,    10.37,    14.20,    14.47,    15.55
      277.0,      13.63,    10.35,    14.18,    14.46,    15.53
      278.0,      13.61,    10.32,    14.17,    14.44,    15.51
      279.0,      13.59,    10.29,    14.15,    14.43,    15.50
      280.0,      13.57,    10.26,    14.14,    14.41,    15.48
      281.0,      13.56,    10.23,    14.13,    14.40,    15.47
      282.0,      13.54,    10.20,    14.11,    14.38,    15.45
      283.0,      13.52,    10.18,    14.10,    14.37,    15.44
      284.0,      13.50,    10.15,    14.08,    14.35,    15.42
      285.0,      13.48,    10.12,    14.07,    14.34,    15.40
      286.0,      13.47,    10.09,    14.06,    14.33,    15.39
      287.0,      13.45,    10.07,    14.04,    14.31,    15.37
      288.0,      13.43,    10.04,    14.03,    14.30,    15.36
      289.0,      13.41,    10.01,    14.01,    14.28,    15.34
      290.0,      13.39,     9.98,    14.00,    14.27,    15.33
      291.0,      13.38,     9.96,    13.98,    14.25,    15.31
      292.0,      13.36,     9.93,    13.97,    14.24,    15.30
      293.0,      13.34,     9.90,    13.96,    14.23,    15.28
      294.0,      13.32,     9.88,    13.94,    14.21,    15.27
      295.0,      13.31,     9.85,    13.93,    14.20,    15.25
      296.0,      13.29,     9.82,    13.91,    14.18,    15.23
      297.0,      13.27,     9.79,    13.90,    14.17,    15.22
      298.0,      13.25,     9.77,    13.89,    14.15,    15.20
      299.0,      13.24,     9.74,    13.87,    14.14,    15.19
      300.0,      13.22,     9.71,    13.86,    14.13,    15.17
      301.0,      13.20,     9.69,    13.84,    14.11,    15.16
      302.0,      13.18,     9.66,    13.83,    14.10,    15.14
      303.0,      13.17,     9.64,    13.82,    14.08,    15.13
      304.0,      13.15,     9.61,    13.80,    14.07,    15.11
      305.0,      13.13,     9.58,    13.79,    14.05,    15.10
      306.0,      13.11,     9.56,    13.78,    14.04,    15.08
      307.0,      13.10,     9.53,    13.76,    14.03,    15.07
      308.0,      13.08,     9.50,    13.75,    14.01,    15.05
      309.0,      13.06,     9.48,    13.73,    14.00,    15.04
      310.0,      13.04,     9.45,    13.72,    13.98,    15.02
      311.0,      13.03,     9.43,    13.71,    13.97,    15.01
      312.0,      13.01,     9.40,    13.69,    13.96,    14.99
      313.0,      12.99,     9.38,    13.68,    13.94,    14.98
      314.0,      12.98,     9.35,    13.67,    13.93,    14.96
      315.0,      12.96,     9.32,    13.65,    13.91,    14.95
      316.0,      12.94,     9.30,    13.64,    13.90,    14.93
      317.0,      12.93,     9.27,    13.62,    13.89,    14.92
      318.0,      12.91,     9.25,    13.61,    13.87,    14.90
      319.0,      12.89,     9.22,    13.60,    13.86,    14.89
      320.0,      12.87,     9.20,    13.58,    13.85,    14.87
      321.0,      12.86,     9.17,    13.57,    13.83,    14.86
      322.0,      12.84,     9.15,    13.56,    13.82,    14.84
      323.0,      12.82,     9.12,    13.54,    13.80,    14.83
      324.0,      12.81,     9.10,    13.53,    13.79,    14.81
      325.0,      12.79,     9.07,    13.52,    13.78,    14.80
      326.0,      12.77,     9.05,    13.50,    13.76,    14.78
      327.0,      12.76,     9.02,    13.49,    13.75,    14.77
      328.0,      12.74,     9.00,    13.48,    13.73,    14.75
      329.0,      12.72,     8.98,    13.46,    13.72,    14.74
      330.0,      12.71,     8.95,    13.45,    13.71,    14.72
      331.0,      12.69,     8.93,    13.43,    13.69,    14.71
      332.0,      12.67,     8.90,    13.42,    13.68,    14.69
      333.0,      12.66,     8.88,    13.41,    13.67,    14.68
      334.0,      12.64,     8.85,    13.39,    13.65,    14.66
      335.0,      12.62,     8.83,    13.38,    13.64,    14.65
      336.0,      12.61,     8.81,    13.37,    13.63,    14.64
      337.0,      12.59,     8.78,    13.35,    13.61,    14.62
      338.0,      12.58,     8.76,    13.34,    13.60,    14.61
      339.0,      12.56,     8.73,    13.33,    13.58,    14.59
      340.0,      12.54,     8.71,    13.31,    13.57,    14.58
      341.0,      12.53,     8.69,    13.30,    13.56,    14.56
      342.0,      12.51,     8.66,    13.29,    13.54,    14.55
      343.0,      12.49,     8.64,    13.27,    13.53,    14.53
      344.0,      12.48,     8.62,    13.26,    13.52,    14.52
      345.0,      12.46,     8.59,    13.25,    13.50,    14.50
      346.0,      12.45,     8.57,    13.23,    13.49,    14.49
      347.0,      12.43,     8.54,    13.22,    13.48,    14.48
      348.0,      12.41,     8.52,    13.21,    13.46,    14.46
      349.0,      12.40,     8.50,    13.19,    13.45,    14.45
      350.0,      12.38,     8.48,    13.18,    13.44,    14.43
      351.0,      12.37,     8.45,    13.17,    13.42,    14.42
      352.0,      12.35,     8.43,    13.16,    13.41,    14.40
      353.0,      12.33,     8.41,    13.14,    13.40,    14.39
      354.0,      12.32,     8.38,    13.13,    13.38,    14.37
      355.0,      12.30,     8.36,    13.12,    13.37,    14.36
      356.0,      12.29,     8.34,    13.10,    13.36,    14.35
      357.0,      12.27,     8.31,    13.09,    13.34,    14.33
      358.0,      12.25,     8.29,    13.08,    13.33,    14.32
      359.0,      12.24,     8.27,    13.06,    13.32,    14.30
      360.0,      12.22,     8.25,    13.05,    13.30,    14.29
      361.0,      12.21,     8.22,    13.04,    13.29,    14.27
      362.0,      12.19,     8.20,    13.02,    13.28,    14.26
      363.0,      12.17,     8.18,    13.01,    13.26,    14.25
      364.0,      12.16,     8.16,    13.00,    13.25,    14.23
      365.0,      12.14,     8.14,    12.99,    13.24,    14.22
      366.0,      12.13,     8.11,    12.97,    13.22,    14.20
      367.0,      12.11,     8.09,    12.96,    13.21,    14.19
      368.0,      12.10,     8.07,    12.95,    13.20,    14.17
      369.0,      12.08,     8.05,    12.93,    13.18,    14.16
      370.0,      12.07,     8.03,    12.92,    13.17,    14.15
      371.0,      12.05,     8.00,    12.91,    13.16,    14.13
      372.0,      12.03,     7.98,    12.89,    13.14,    14.12
      373.0,      12.02,     7.96,    12.88,    13.13,    14.10
      374.0,      12.00,     7.94,    12.87,    13.12,    14.09
      375.0,      11.99,     7.92,    12.86,    13.10,    14.08
      376.0,      11.97,     7.89,    12.84,    13.09,    14.06
      377.0,      11.96,     7.87,    12.83,    13.08,    14.05
      378.0,      11.94,     7.85,    12.82,    13.06,    14.03
      379.0,      11.93,     7.83,    12.80,    13.05,    14.02
      380.0,      11.91,     7.81,    12.79,    13.04,    14.00
      381.0,      11.90,     7.79,    12.78,    13.03,    13.99
      382.0,      11.88,     7.77,    12.77,    13.01,    13.98
      383.0,      11.87,     7.75,    12.75,    13.00,    13.96
      384.0,      11.85,     7.72,    12.74,    12.99,    13.95
      385.0,      11.83,     7.70,    12.73,    12.97,    13.94
      386.0,      11.82,     7.68,    12.72,    12.96,    13.92
      387.0,      11.80,     7.66,    12.70,    12.95,    13.91
      388.0,      11.79,     7.64,    12.69,    12.93,    13.89
      389.0,      11.77,     7.62,    12.68,    12.92,    13.88
      390.0,      11.76,     7.60,    12.66,    12.91,    13.87
      391.0,      11.74,     7.58,    12.65,    12.90,    13.85
      392.0,      11.73,     7.56,    12.64,    12.88,    13.84
      393.0,      11.71,     7.54,    12.63,    12.87,    13.82
      394.0,      11.70,     7.52,    12.61,    12.86,    13.81
      395.0,      11.68,     7.50,    12.60,    12.84,    13.80
      396.0,      11.67,     7.48,    12.59,    12.83,    13.78
      397.0,      11.65,     7.46,    12.58,    12.82,    13.77
      398.0,      11.64,     7.43,    12.56,    12.81,    13.75
      399.0,      11.63,     7.41,    12.55,    12.79,    13.74
      400.0,      11.61,     7.39,    12.54,    12.78,    13.73
